"GN01P"	"GN01P.o"	"GN02P"	"GN02P.o"	"GN03P"	"GN03P.o"	"GN04P"	"GN04P.o"	"GN05P"	"GN05P.o"	"GN06P"	"GN06P.o"	"GN07P"	"GN07P.o"	"GN08P"	"GN08P.o"	"GN09P"	"GN09P.o"
"3159253"	0	0	0	0	0	0	11	18	113	97	64	79	43	58	17	16	9	14
"4458243"	14	11	16	19	17	12	24	36	2	0	1	3	1	2	0	0	0	0
"4345229"	0	0	0	1	4	3	2	3	0	0	3	0	0	2	0	0	0	0
"3054729"	17	24	14	14	3	2	2	1	0	0	0	0	0	0	0	0	0	0
"4375516"	0	0	1	1	0	0	0	1	0	0	0	0	0	0	0	0	0	0
"650924"	1	0	2	1	0	0	0	0	0	0	0	0	0	0	0	0	0	0
"100167"	0	0	1	0	0	0	1	0	0	1	0	0	0	0	1	1	0	0
"4326077"	0	0	0	0	0	0	0	0	0	0	0	0	13	0	1	0	0	0
"4396197"	0	0	0	1	1	1	0	0	0	0	0	0	0	0	0	0	0	0
"813020"	1	0	3	1	0	0	0	0	0	0	0	0	0	0	0	0	0	0
"2600252"	0	0	0	0	0	0	0	0	0	0	0	0	1	0	2	0	1	0
"2175243"	0	0	0	0	3	0	0	1	0	0	0	0	0	0	0	0	0	0
"4353189"	0	1	4	0	2	2	3	1	3	4	1	3	7	11	15	19	6	6
"4454539"	0	0	0	0	1	0	0	2	1	0	0	0	0	2	0	0	0	0
"4450673"	0	0	0	0	0	0	0	0	1	3	2	3	1	3	3	1	0	2
"3553018"	0	0	0	0	0	0	0	1	1	0	0	0	0	0	0	1	0	3
"4334258"	0	0	0	1	1	1	1	2	0	0	0	0	0	0	0	0	0	0
"4342133"	0	0	0	1	4	2	0	0	0	0	0	0	0	0	0	0	0	0
"4388198"	0	0	0	0	0	0	0	0	0	0	0	0	2	0	0	0	1	1
"254296"	1	1	0	0	0	0	0	0	0	0	1	0	0	0	0	0	0	0
"2397963"	0	0	0	0	0	0	0	0	0	0	0	1	0	0	0	0	0	2
"4348732"	0	0	1	4	4	2	0	0	0	0	0	0	0	0	0	0	0	0
"4395245"	0	0	0	0	0	0	0	0	0	0	0	0	0	0	2	0	0	0
"236814"	0	0	0	0	4	6	0	1	0	0	0	0	0	0	0	0	0	0
"4415681"	0	0	0	0	0	0	0	0	0	0	1	0	1	0	0	1	0	0
"2719297"	0	0	0	0	1	0	0	0	6	4	3	1	8	6	4	3	8	9
"3420269"	0	0	1	0	0	0	0	0	0	0	0	0	2	0	0	1	0	0
"2799224"	0	0	0	0	0	0	0	0	0	0	0	0	0	0	0	1	0	1
"4470360"	1	0	5	1	2	2	1	1	7	7	0	4	3	7	0	1	0	1
"2140550"	0	0	0	0	0	0	1	0	2	6	1	2	0	3	1	1	3	0
"1852196"	1	2	0	0	1	0	0	0	0	0	0	0	0	0	0	0	0	0
"2518948"	2	6	1	0	0	0	0	0	0	0	0	0	0	0	0	0	0	0
"2293453"	0	0	0	0	0	0	0	0	0	1	0	1	1	1	0	0	0	3
"4376643"	0	0	0	0	8	8	3	5	4	6	11	14	9	8	0	0	0	4
"4389650"	0	0	0	0	0	0	0	0	0	0	0	0	2	0	0	1	0	0
"2207590"	0	1	2	1	4	2	1	0	1	0	0	0	0	1	0	1	0	0
"2334840"	0	0	0	0	0	0	0	1	0	0	0	0	0	0	2	0	0	0
"4454222"	0	0	0	0	0	0	0	1	2	5	4	4	7	4	2	5	3	8
"2559172"	0	0	0	0	2	0	1	4	0	0	4	0	1	1	1	0	0	0
"2678595"	0	0	0	0	0	0	0	0	0	0	0	0	0	0	1	0	8	3
"4382804"	10	7	0	1	0	0	0	0	0	0	0	0	0	0	0	0	0	0
"4436898"	0	0	0	0	0	0	0	0	0	2	0	0	0	0	0	0	1	0
"4457131"	0	0	0	0	2	1	0	2	0	0	0	0	0	0	0	0	0	0
"4333145"	4	2	1	1	0	0	0	0	0	0	0	0	0	0	0	0	0	0
"2659543"	0	0	1	1	0	1	0	1	0	0	0	0	0	0	0	0	0	0
"1665650"	0	0	0	0	1	0	1	1	0	0	0	0	0	0	0	0	0	0
"1665651"	1	0	1	0	1	1	0	0	0	0	0	0	0	0	0	0	0	0
"4477870"	0	3	2	1	0	0	0	0	0	0	0	0	0	0	0	0	0	0
"1686480"	0	0	1	2	0	1	0	0	0	0	0	0	0	0	0	0	0	0
"1557344"	0	1	2	1	0	0	2	0	0	0	0	0	0	0	0	0	1	0
"4410802"	0	0	0	0	0	0	0	0	0	0	0	0	0	0	1	1	0	0
"4464720"	59	57	28	28	52	48	27	41	0	0	0	0	0	0	0	2	0	0
"2823832"	0	0	0	0	0	0	0	0	0	0	0	0	0	0	0	0	0	2
"2724065"	1	1	0	1	0	1	0	0	0	0	0	0	1	0	0	0	0	0
"4372784"	0	0	0	0	0	0	2	2	0	0	0	0	0	0	0	0	0	0
"4454780"	0	0	15	15	35	19	16	9	6	4	8	5	13	9	1	0	0	1
"4387271"	22	20	15	14	5	3	11	13	0	3	2	4	0	0	0	0	0	0
"4454030"	2	0	0	0	1	0	0	2	1	0	0	0	0	1	0	1	0	0
"159384"	0	0	0	0	0	0	0	0	3	3	0	1	0	0	2	3	2	0
"3037672"	0	0	0	0	0	0	0	0	0	0	0	0	3	0	0	1	1	1
"3180820"	0	0	1	0	0	0	1	0	0	1	1	0	0	0	0	0	0	0
"296379"	2	2	0	0	0	0	0	0	0	0	0	0	0	0	0	0	0	0
"4396183"	0	0	0	0	1	0	0	3	0	0	0	0	0	0	0	0	0	0
"1544503"	0	0	0	0	2	0	0	0	2	0	2	0	0	0	0	0	0	0
"4448860"	0	0	2	0	0	0	0	0	0	1	0	0	1	0	7	6	6	3
"3722999"	0	0	1	1	0	1	0	0	0	0	0	0	0	0	0	0	0	0
"3774731"	2	1	1	1	0	0	2	0	0	0	0	0	0	0	0	0	0	0
"4437677"	0	0	1	2	0	0	0	0	0	0	0	0	0	0	0	0	0	0
"4364586"	2	1	4	0	0	0	0	1	7	4	2	2	0	2	0	0	0	0
"3869470"	0	0	0	0	0	0	0	0	0	0	2	1	0	0	0	0	0	0
"4441273"	0	0	0	0	0	0	0	0	0	1	2	0	0	0	0	0	0	0
"4364960"	0	0	0	0	0	0	1	0	2	0	1	1	0	0	0	0	0	0
"2797090"	0	0	1	1	1	0	0	0	0	0	0	0	0	0	0	0	0	0
"1519447"	1	0	2	2	1	1	3	2	0	0	0	0	0	0	0	0	0	0
"2080449"	0	0	2	2	1	0	0	0	0	1	0	0	0	0	0	0	0	0
"1951956"	5	1	2	2	0	0	13	5	1	1	0	3	0	0	0	0	0	0
"1837503"	0	0	0	3	2	2	0	2	0	0	0	0	0	0	0	0	0	0
"4428182"	0	4	80	82	85	97	105	93	46	33	42	37	34	26	0	0	0	0
"2571250"	0	0	0	0	0	0	0	0	2	0	1	1	0	0	0	0	0	0
"159360"	0	0	0	0	0	0	1	1	1	1	0	0	1	0	0	0	1	0
"4475322"	0	0	0	0	0	0	0	0	1	2	1	0	3	1	1	2	0	0
"4460944"	0	0	0	0	0	0	0	0	0	1	1	0	1	2	5	1	0	4
"4140869"	0	0	0	0	0	2	1	0	0	0	0	0	0	0	0	0	0	0
"3597094"	0	2	0	2	1	0	0	0	0	0	0	0	0	0	0	0	0	0
"2044027"	0	0	0	0	0	1	1	0	1	0	0	1	0	1	1	3	1	2
"4423696"	0	0	1	1	2	0	0	0	1	1	0	0	2	4	2	1	0	0
"4374122"	1	0	2	0	0	2	0	0	0	0	0	0	0	0	0	0	0	0
"4403951"	0	0	0	1	5	3	2	2	6	0	4	5	4	4	0	0	0	0
"4460895"	8	10	9	7	12	12	3	0	1	4	6	0	1	2	0	0	0	0
"3394011"	0	0	0	0	0	0	1	1	3	1	2	2	1	2	0	0	0	0
"4061593"	1	7	4	0	3	1	0	0	0	0	0	0	0	0	0	0	0	0
"4411082"	77	75	52	59	33	23	5	4	4	3	4	8	3	3	0	0	0	0
"4447431"	1	0	2	3	0	2	0	0	0	0	0	0	0	0	0	0	0	0
"3007335"	1	4	0	3	0	0	0	0	0	0	0	0	0	0	0	0	0	0
"4325391"	0	0	2	0	2	0	2	1	0	0	0	0	0	0	0	0	0	0
"4340928"	0	0	0	0	0	0	0	0	0	0	0	0	0	0	0	2	0	0
"4304337"	0	0	0	0	0	1	1	0	0	0	0	0	0	0	0	0	0	1
"4369084"	0	0	0	0	0	0	0	0	0	0	0	1	0	0	1	1	0	1
"2990720"	0	0	0	0	0	0	0	0	0	0	1	0	0	0	1	0	1	1
"4000475"	0	0	0	0	0	0	0	1	0	1	2	1	10	3	2	5	1	2
"3593081"	4	0	0	0	0	1	0	0	0	0	0	0	0	0	1	0	0	0
"4412514"	0	0	0	0	1	0	4	2	7	0	0	5	5	10	1	1	0	0
"237518"	0	0	0	0	2	2	6	3	9	9	9	11	4	4	5	3	2	3
"3584396"	9	12	8	3	0	0	0	0	0	0	0	0	0	0	0	0	0	0
"3744356"	6	5	16	12	8	6	0	1	0	0	0	0	1	0	1	2	0	0
"4390260"	0	0	0	0	6	5	5	2	0	1	6	4	4	2	0	0	0	0
"4466624"	0	0	1	2	4	1	0	0	0	0	0	0	0	0	0	0	0	0
"3846383"	1	0	1	0	0	0	0	0	0	0	0	0	0	0	1	0	0	0
"4480469"	0	0	0	0	0	1	0	1	0	0	0	2	0	0	0	0	0	0
"4011339"	0	0	0	0	1	0	0	0	0	0	2	2	2	0	2	2	1	0
"2510497"	0	0	0	0	1	0	0	0	0	0	2	0	6	1	1	1	1	2
"4369662"	4	10	2	1	3	2	0	1	0	0	0	0	4	0	2	0	0	0
"1911094"	0	0	0	0	0	0	0	1	0	0	0	0	2	3	0	0	0	0
"1840264"	1	4	0	2	4	7	4	3	0	0	0	0	0	0	0	0	0	0
"2907836"	1	0	6	12	9	4	7	3	0	0	1	0	0	0	0	0	0	0
"4041669"	0	0	0	0	0	1	0	0	0	0	0	0	0	0	1	1	0	1
"3419754"	0	0	1	0	1	0	0	0	0	0	1	1	10	5	1	0	0	0
"4380056"	6	2	5	5	2	2	3	2	0	0	0	0	0	0	0	0	0	0
"3362504"	1	0	0	1	1	0	0	0	0	0	0	0	0	0	0	0	0	0
"249265"	0	0	2	1	9	9	9	2	7	0	3	5	4	1	2	1	1	0
"3015026"	0	0	0	0	0	0	0	1	0	1	0	1	0	0	0	0	0	0
"1557336"	1	3	0	1	0	0	0	0	0	0	0	0	0	0	1	0	0	0
"4376433"	0	0	0	0	0	0	0	0	0	0	0	1	0	0	1	0	0	0
"3725987"	0	0	0	0	0	0	0	0	0	0	0	0	0	0	0	0	2	0
"4173596"	0	0	0	0	1	1	0	2	0	0	0	0	0	0	0	0	0	0
"4023879"	0	0	0	0	0	0	0	0	0	0	0	0	0	3	0	0	0	0
"4405258"	0	0	1	0	1	0	0	1	0	0	0	0	0	0	0	0	0	0
"2023761"	0	0	0	0	0	0	0	0	0	0	3	0	0	0	0	0	2	0
"245245"	0	0	0	0	0	0	0	0	0	0	0	0	1	0	3	1	3	0
"2725873"	6	1	5	0	0	0	0	0	0	0	0	0	0	0	0	0	0	0
"4409691"	0	1	11	9	9	10	0	0	0	0	0	0	0	0	0	0	0	0
"1811415"	0	0	0	0	0	0	0	0	2	1	1	2	2	0	1	4	0	1
"4381121"	15	5	12	23	3	14	6	8	6	8	4	1	23	19	15	17	8	12
"255827"	0	0	1	0	0	0	1	2	0	2	0	0	0	4	0	1	1	0
"2109570"	0	0	0	0	1	3	0	0	0	0	0	0	0	0	0	0	0	0
"4342361"	0	0	0	0	0	1	2	0	0	0	2	1	1	1	0	1	0	0
"4364593"	2	0	1	0	0	0	0	0	0	2	0	0	0	1	0	0	0	0
"3815513"	0	0	0	0	0	1	0	0	0	0	0	1	2	1	1	2	3	0
"4441040"	0	0	0	0	0	0	0	0	3	2	0	0	0	0	1	1	1	0
"1623433"	0	0	0	0	0	0	1	2	0	1	0	0	0	0	0	0	0	0
"4399503"	1	1	0	3	0	3	0	0	0	0	0	0	5	0	0	0	0	0
"2477328"	0	0	0	0	0	0	0	0	0	0	0	0	0	0	1	1	0	1
"4439203"	0	0	0	0	0	0	0	0	0	0	0	0	0	0	0	1	8	7
"149262"	0	0	0	0	0	0	0	0	2	2	0	0	0	0	0	0	1	1
"3831498"	0	0	0	0	0	0	0	0	0	0	0	3	0	0	0	0	0	0
"4375640"	0	0	0	0	0	0	0	0	3	0	2	2	4	3	0	0	1	2
"227491"	15	18	16	13	3	2	1	6	0	0	1	1	1	4	0	0	0	3
"3220985"	0	0	0	0	0	0	0	0	0	2	0	0	0	1	0	0	0	0
"4346661"	1	1	0	2	0	0	0	0	1	0	0	0	0	0	0	1	0	1
"4390693"	0	0	0	0	0	0	2	3	0	0	0	0	0	0	0	0	0	0
"4340844"	0	0	0	0	1	1	0	0	2	4	2	0	4	5	18	13	11	6
"139228"	0	0	0	0	0	0	0	0	3	1	0	1	1	1	2	4	2	1
"3173931"	0	0	0	0	0	0	0	0	0	0	0	0	1	1	2	0	0	0
"4362685"	0	1	1	0	1	0	0	0	0	0	0	0	0	0	0	0	0	0
"4467386"	0	0	0	0	0	0	0	0	0	0	0	0	0	1	0	0	5	1
"1774931"	0	0	0	0	0	0	0	0	0	0	0	0	3	0	1	1	0	1
"3675508"	0	0	3	2	0	1	0	0	0	0	0	0	0	0	0	0	0	0
"3285317"	1	1	1	0	0	2	0	1	0	0	0	0	0	0	0	0	0	0
"4137084"	3	0	0	0	0	0	0	0	0	0	0	0	0	0	0	0	0	0
"4414970"	0	0	0	1	2	0	0	0	0	0	0	1	0	1	0	0	0	1
"4447730"	0	0	0	0	0	0	0	0	0	0	0	0	0	0	1	1	0	0
"4364660"	30	19	9	9	2	2	0	0	1	0	0	0	0	0	0	0	0	0
"656765"	8	1	0	0	0	0	0	0	0	0	0	0	0	0	0	0	0	0
"1858029"	0	0	0	0	0	0	0	0	0	1	0	0	0	0	3	3	1	1
"3917574"	2	1	2	0	1	0	0	0	0	0	0	1	3	2	0	0	1	1
"1893427"	0	0	0	0	0	0	0	0	1	0	0	0	0	0	0	0	0	1
"4244500"	0	0	0	0	0	0	0	0	0	0	0	0	0	0	2	0	1	1
"4314734"	0	2	9	1	2	5	3	5	3	4	1	1	2	1	0	0	0	0
"237297"	0	0	0	0	0	1	1	2	7	1	3	1	1	4	1	0	2	1
"3797322"	7	4	5	9	6	1	1	5	0	0	1	2	0	0	0	0	0	0
"2735495"	0	0	0	0	2	2	1	0	0	0	2	1	2	0	3	2	0	0
"4434377"	9	5	1	1	0	0	0	0	0	0	0	0	0	0	0	0	0	0
"3004565"	0	0	0	0	0	0	0	1	3	0	2	0	8	8	10	5	6	3
"2537230"	0	0	0	0	0	0	0	0	5	4	2	2	0	0	0	1	0	0
"4385128"	0	0	0	0	1	0	1	1	0	1	4	0	0	1	0	0	0	0
"1880439"	0	0	0	1	1	0	0	0	1	0	0	0	3	0	0	0	0	0
"2878500"	0	0	0	0	0	0	1	1	1	0	2	2	1	0	0	0	0	0
"2850386"	0	0	0	0	1	2	0	0	0	0	0	0	0	0	0	0	0	0
"4480257"	0	0	2	1	0	0	0	0	0	0	0	0	0	0	0	0	0	0
"4195019"	2	0	0	2	0	0	0	0	0	0	2	1	2	1	0	1	0	0
"4474418"	9	8	5	0	0	0	0	0	0	0	0	0	0	0	0	0	0	0
"4435080"	0	1	0	0	0	0	1	0	0	0	1	0	0	0	0	0	0	0
"4337108"	0	0	0	0	0	0	0	0	0	0	0	0	0	0	0	1	1	0
"4377086"	1	0	1	0	3	0	0	3	10	7	9	8	33	30	11	9	0	0
"256656"	0	0	0	0	0	0	0	1	0	0	0	0	0	0	0	0	2	0
"1834858"	4	2	5	11	6	11	0	2	2	1	1	1	5	2	0	2	0	0
"238678"	2	0	10	9	3	4	1	0	0	0	0	0	0	0	0	0	0	0
"4452435"	0	0	4	0	2	2	0	1	0	0	0	0	0	0	0	0	0	0
"4478195"	0	0	0	0	3	3	0	0	0	0	0	0	0	0	0	0	0	0
"1777291"	0	0	0	0	0	0	0	0	1	1	1	4	0	0	1	0	0	0
"3167422"	0	0	0	0	0	0	0	0	0	1	0	0	4	0	0	0	0	0
"4449992"	0	0	1	0	0	0	1	1	0	0	0	0	0	0	0	0	1	1
"4334911"	0	0	0	0	0	0	0	0	0	0	0	0	0	1	0	1	1	4
"4350302"	0	0	0	0	0	0	0	0	0	0	0	0	0	1	0	0	2	0
"2026030"	6	14	27	18	3	2	0	0	0	0	0	0	0	0	0	0	0	0
"3008829"	15	16	2	5	0	0	0	0	0	0	0	0	0	0	1	0	0	0
"4382659"	0	1	0	1	1	0	0	0	0	0	0	0	0	0	0	0	0	0
"103910"	0	0	0	0	0	0	0	0	0	0	0	0	0	0	1	0	1	0
"3410672"	1	0	1	1	1	0	0	1	0	0	0	0	0	0	0	0	0	0
"2743528"	0	0	0	0	0	0	0	0	0	0	1	0	5	0	0	1	5	1
"343816"	0	0	0	1	2	0	0	2	0	0	0	0	0	0	0	0	0	0
"4439984"	1	3	0	2	0	0	1	1	0	2	1	0	2	1	0	1	0	0
"4439980"	0	0	0	0	1	1	1	1	0	0	0	0	0	0	0	0	0	0
"4383176"	0	0	0	0	0	0	0	0	0	0	0	0	1	0	1	1	5	5
"3461137"	2	5	0	1	0	0	0	0	0	0	0	0	0	0	0	0	1	0
"4375254"	0	2	0	0	1	0	2	2	0	0	1	1	0	0	0	0	0	0
"4468635"	0	0	1	0	2	1	2	6	5	4	6	6	3	1	0	0	2	0
"3382113"	4	2	0	0	1	1	0	0	0	0	0	0	0	0	0	0	0	0
"241958"	0	1	0	0	0	0	1	1	0	1	2	2	3	9	2	1	2	5
"3631937"	0	0	0	0	0	1	0	3	0	0	0	0	0	0	0	0	0	0
"4396729"	2	0	4	6	3	6	2	9	3	4	0	4	6	10	7	4	0	0
"200370"	0	0	0	0	0	0	0	0	1	0	0	1	4	0	1	1	0	0
"4104474"	4	1	1	0	0	0	0	0	0	0	0	0	0	0	0	0	0	0
"4383082"	0	0	2	2	0	1	1	0	0	0	0	0	0	0	0	0	0	0
"3495511"	0	0	3	6	9	11	0	0	0	0	0	0	0	0	0	0	0	0
"159189"	0	0	0	0	0	0	0	0	0	0	0	0	4	2	1	1	1	0
"159345"	0	0	0	0	2	0	16	18	10	12	17	14	14	20	6	13	4	1
"159346"	0	0	0	0	0	0	0	1	0	0	0	0	1	0	1	3	2	1
"1694018"	0	0	0	0	0	1	10	8	4	8	8	5	10	1	1	2	0	1
"3022392"	0	1	4	5	1	2	2	2	5	2	9	2	4	6	0	7	0	1
"4383791"	0	0	0	0	0	0	2	2	0	0	0	0	0	0	0	0	0	0
"4454871"	0	4	1	1	1	2	2	0	0	0	0	0	0	0	0	0	0	0
"1615254"	4	8	8	8	2	1	9	8	4	4	5	7	4	11	2	3	4	4
"3939747"	0	0	0	0	0	0	0	0	0	0	2	0	1	0	0	0	0	0
"4358755"	0	0	1	1	0	0	0	1	0	0	0	0	0	0	0	0	0	0
"2626017"	0	0	0	1	0	1	0	1	0	0	3	0	0	0	0	0	0	0
"3675511"	2	0	2	0	1	1	0	0	0	0	0	0	0	0	0	0	0	0
"2404779"	0	0	0	0	1	0	1	1	5	3	9	13	13	19	15	12	4	6
"1733499"	0	1	3	2	0	2	0	0	0	0	0	0	0	0	0	0	0	1
"1844236"	0	0	0	0	1	1	0	0	0	0	0	0	0	0	0	0	1	0
"3659699"	1	0	0	2	2	0	0	0	0	0	0	2	0	0	0	0	0	0
"4481040"	0	0	4	2	5	3	1	0	2	1	3	0	1	0	0	0	0	0
"4481041"	0	0	3	0	1	2	0	0	0	0	0	0	0	0	0	0	0	0
"4443936"	0	0	0	0	0	0	1	0	0	0	1	1	0	0	0	0	0	0
"4351203"	0	5	0	0	0	0	0	0	0	0	0	0	0	0	0	0	0	0
"4073314"	2	1	2	0	4	0	9	5	11	10	5	8	10	10	11	3	0	0
"4328274"	0	1	0	0	1	0	0	0	0	1	1	0	0	1	0	0	0	0
"3229388"	4	1	3	0	0	0	0	0	0	0	0	0	0	0	0	0	0	0
"1029559"	3	3	0	0	0	0	0	0	0	0	0	0	0	0	0	0	0	0
"4469517"	0	0	0	0	0	0	0	0	6	5	13	6	0	0	0	0	0	0
"2485203"	7	12	4	1	0	1	3	2	1	0	2	0	1	1	1	0	0	0
"3272700"	3	2	2	0	0	0	0	0	0	0	0	0	0	0	0	0	0	0
"4326733"	13	9	18	12	6	9	2	3	6	0	3	2	19	14	8	14	5	2
"4390809"	1	7	1	1	0	0	0	0	0	0	0	0	0	0	0	1	0	0
"252552"	0	0	2	1	0	1	0	0	0	0	0	0	0	0	0	0	0	0
"254866"	1	1	0	0	1	2	2	1	0	0	0	0	0	0	0	0	0	0
"3249874"	0	0	0	0	0	0	0	1	0	1	1	1	1	4	3	1	2	1
"4435147"	0	0	1	1	0	1	8	1	1	2	6	0	40	18	39	25	56	64
"4446168"	0	0	0	0	0	0	0	0	1	0	1	1	1	1	0	0	1	0
"4357548"	0	0	10	4	10	5	0	0	1	2	1	0	0	0	0	0	0	0
"4435560"	3	0	0	0	0	0	0	0	0	0	0	0	0	0	0	0	0	0
"4461885"	3	0	0	0	0	0	0	0	0	0	0	0	0	0	0	0	0	0
"4461883"	2	2	0	0	0	0	0	0	0	0	0	0	0	0	0	0	0	0
"1535697"	0	0	2	1	1	1	0	0	0	0	0	0	0	1	0	0	0	0
"3344719"	3	6	6	1	0	1	0	0	0	0	0	0	1	0	0	0	0	1
"4397282"	3	2	0	0	0	0	0	0	0	0	0	0	0	0	0	0	0	0
"4386466"	0	0	0	0	0	0	0	0	0	0	0	0	0	0	1	0	0	1
"4477226"	0	0	0	0	0	2	1	3	1	1	0	0	0	0	0	0	0	0
"245486"	0	0	0	0	0	0	2	0	0	1	0	0	2	0	1	2	0	0
"4377746"	0	0	0	0	0	0	0	0	0	0	0	0	0	1	0	1	2	0
"4417074"	0	0	0	0	8	7	8	8	1	2	2	5	1	1	0	2	0	1
"4458203"	1	1	0	1	0	0	0	0	0	0	0	0	0	0	0	0	0	0
"3365408"	0	0	2	0	0	0	1	0	0	0	1	0	0	0	0	0	0	0
"2716666"	0	0	5	5	10	20	3	3	1	1	0	0	0	0	0	0	0	0
"4385684"	0	0	0	0	0	0	0	0	1	0	0	1	1	0	0	0	0	0
"1131894"	10	18	0	0	0	0	0	0	0	0	0	0	0	0	0	0	0	0
"4002408"	0	3	3	0	1	1	0	0	0	0	0	0	1	0	0	0	0	0
"4332266"	4	2	4	0	1	1	6	1	2	5	10	7	16	10	9	15	5	11
"3738319"	0	0	0	0	0	0	4	0	16	16	17	31	2	0	4	0	0	0
"4379019"	0	0	0	3	1	0	1	3	1	1	2	1	0	2	1	1	0	0
"3115207"	0	0	0	0	0	0	0	1	0	2	3	1	3	3	1	5	6	7
"3365319"	0	0	0	1	0	0	0	1	1	0	0	0	0	0	0	0	0	0
"4353012"	0	2	2	5	1	0	0	0	0	0	0	0	1	1	0	0	0	0
"4400245"	0	0	0	0	0	0	0	1	1	1	0	0	1	0	0	0	0	0
"4458339"	1	1	37	43	23	20	31	21	6	12	11	11	6	1	0	0	0	0
"2877492"	0	0	1	0	2	1	0	0	0	0	0	0	0	0	0	0	0	0
"2654815"	0	0	0	0	0	1	0	0	0	0	1	0	1	0	0	0	0	0
"257276"	0	0	1	1	0	0	0	0	1	0	0	0	0	0	0	1	0	0
"3040339"	0	0	4	1	1	4	1	3	1	0	2	0	0	0	0	0	0	0
"2630849"	0	0	0	0	2	2	4	5	19	14	12	6	19	16	6	6	0	1
"4353300"	0	0	0	1	0	0	0	0	0	1	0	0	0	1	0	0	0	0
"3666320"	1	0	0	0	1	1	2	0	1	0	0	0	0	0	0	0	0	0
"3597335"	0	0	1	1	4	2	4	2	1	2	0	0	0	0	0	0	0	0
"2853112"	0	0	0	0	0	0	1	3	0	0	0	2	0	1	0	0	0	0
"1936082"	0	0	0	0	0	0	5	2	3	1	8	4	3	5	3	1	1	2
"4408304"	0	1	2	5	13	5	0	1	0	0	0	0	0	0	0	0	0	0
"3279467"	1	1	0	1	0	0	0	0	0	0	0	0	0	0	0	0	0	0
"4460919"	0	0	0	0	0	0	3	2	0	0	0	0	0	0	0	0	0	0
"4450561"	2	2	2	0	1	0	1	0	0	0	0	0	0	0	0	0	0	0
"2317360"	0	0	0	0	0	0	0	0	1	2	0	0	0	0	0	0	0	0
"4206890"	0	0	0	0	0	0	0	0	0	0	0	0	3	2	1	0	17	32
"4002863"	0	0	0	0	0	0	0	0	0	0	0	0	0	3	6	3	0	0
"4357533"	0	0	0	0	0	0	1	0	0	0	0	0	0	0	0	0	4	0
"2404426"	0	0	0	0	0	0	0	0	0	1	0	1	0	0	0	0	1	0
"4288025"	3	1	0	0	0	0	0	0	0	0	0	0	0	0	0	0	0	0
"4338345"	0	0	7	7	6	10	19	15	3	3	6	7	21	19	10	13	2	0
"4414281"	0	0	0	0	0	0	0	0	0	0	0	0	0	0	2	0	0	0
"251196"	0	0	0	0	0	0	0	0	0	0	0	0	0	1	1	0	0	2
"3242275"	0	1	0	1	1	0	0	0	2	1	2	0	9	6	11	3	11	6
"3253212"	1	0	0	2	0	0	0	0	0	0	0	0	0	0	0	0	0	0
"4324364"	1	0	0	0	0	1	0	1	0	0	0	0	0	0	0	0	0	0
"4081648"	8	13	3	5	0	0	0	0	0	0	0	0	0	0	0	0	0	0
"2124721"	5	5	3	1	0	0	0	0	0	0	0	0	0	0	0	0	0	0
"1732154"	0	1	0	1	2	0	0	0	0	0	0	0	0	0	0	0	0	0
"1598953"	0	0	0	0	0	0	0	0	0	0	0	0	2	2	1	0	0	0
"4458786"	0	0	0	0	0	0	0	0	0	0	3	0	0	0	1	2	0	0
"4148176"	0	0	0	0	0	0	2	0	0	1	7	2	1	0	1	0	0	1
"3755898"	2	1	3	6	1	0	0	0	0	0	0	0	0	0	0	0	0	0
"3619856"	0	0	1	0	0	0	3	2	3	2	0	0	2	3	1	0	0	0
"238053"	1	1	1	1	0	0	0	0	0	0	0	0	0	0	0	0	0	0
"4480783"	0	0	0	0	0	0	0	0	0	0	0	0	1	0	0	2	0	0
"4438211"	1	1	4	12	18	13	17	12	11	8	17	9	17	15	4	13	9	12
"252562"	0	0	0	0	1	1	2	3	0	8	0	2	0	2	0	0	0	1
"4483052"	1	2	7	4	4	5	0	2	0	0	1	0	0	0	0	0	0	0
"2979076"	0	0	0	0	0	0	0	1	15	19	13	21	5	9	0	1	0	1
"4442473"	0	0	0	0	0	0	0	0	0	0	0	0	1	2	0	1	16	12
"4390491"	0	0	0	0	3	0	0	0	0	0	0	0	1	0	0	0	0	0
"4363440"	2	0	4	5	2	2	0	0	0	0	0	0	0	0	0	0	0	0
"820861"	1	0	0	0	1	2	1	2	0	1	0	0	2	2	4	5	8	6
"4409415"	3	1	8	8	8	2	0	0	0	0	0	0	0	0	0	0	0	0
"1818901"	0	0	5	4	2	1	1	0	0	0	1	0	0	0	0	0	0	0
"2906027"	1	0	0	0	0	2	0	0	0	0	0	0	0	1	0	0	1	0
"4481520"	0	0	0	0	12	4	7	2	0	0	2	1	1	0	0	0	0	0
"2465968"	0	0	0	0	0	0	1	0	0	0	0	0	0	2	0	0	0	0
"3783749"	0	0	0	0	0	0	0	0	0	0	0	0	0	0	0	0	0	2
"3496239"	0	0	0	0	0	0	0	0	0	0	0	0	2	2	1	0	2	0
"4361930"	4	0	0	0	0	0	0	0	0	0	0	0	0	0	0	0	0	0
"4385501"	19	31	26	15	8	10	0	0	0	0	0	1	0	0	0	0	0	0
"4301240"	1	1	0	0	0	0	1	0	0	0	0	0	0	0	0	0	0	0
"4479394"	0	0	0	0	0	0	0	1	1	2	1	1	2	2	0	0	0	0
"4475588"	0	1	2	0	4	1	0	1	3	0	2	2	12	10	24	18	8	7
"4417916"	0	0	0	0	0	0	0	0	0	1	0	4	0	1	0	0	0	0
"245585"	0	0	0	0	0	0	0	0	0	0	0	0	0	0	3	5	2	1
"4375883"	0	0	0	0	0	0	0	2	0	0	0	0	0	0	0	1	0	0
"2309197"	0	0	0	0	1	0	3	4	1	4	2	4	15	11	7	10	32	29
"4474189"	0	0	0	1	1	2	0	0	0	0	0	0	0	0	0	0	0	0
"3401603"	0	0	0	0	0	1	3	0	0	2	0	1	0	1	0	0	2	1
"2059268"	0	0	0	0	0	0	0	0	1	1	0	0	1	0	0	0	0	0
"2392106"	0	0	3	1	0	1	0	2	0	0	0	0	0	0	0	0	0	0
"3459632"	0	0	2	0	0	0	0	2	0	0	0	0	0	0	0	0	0	0
"4036168"	1	1	4	3	2	2	2	0	0	0	0	0	3	0	1	0	0	0
"4401275"	0	0	6	6	24	19	3	2	0	0	0	0	0	0	0	0	0	0
"4377663"	0	2	5	5	2	6	0	0	2	0	2	2	0	2	1	2	2	1
"2811010"	0	0	0	0	0	0	0	1	3	3	0	2	0	2	1	0	0	0
"4392408"	0	0	2	0	3	0	0	1	0	0	0	1	1	1	2	3	0	0
"3069114"	0	0	1	0	1	0	0	1	0	0	0	0	0	0	0	0	0	0
"3569839"	0	0	0	0	0	0	0	0	0	1	0	0	1	0	0	0	0	1
"3555677"	0	0	0	0	0	0	1	1	1	1	0	0	1	2	1	1	1	0
"1573031"	2	2	0	0	0	0	0	0	0	0	0	0	0	0	0	0	0	0
"1932084"	0	0	0	0	0	0	0	0	2	0	0	0	1	0	0	0	0	0
"250836"	10	1	2	0	2	0	0	1	0	0	0	0	0	0	0	0	0	0
"4475968"	0	0	1	2	2	4	6	6	2	1	1	0	1	4	2	2	2	2
"4357540"	5	2	2	4	0	3	5	1	0	2	0	2	0	0	0	0	0	0
"4299182"	0	0	0	0	0	1	0	1	0	1	0	0	0	0	0	0	0	0
"4405579"	0	0	0	0	1	3	2	0	1	0	0	0	0	0	0	0	1	0
"3394691"	0	2	2	2	0	0	0	0	0	0	0	0	0	0	0	0	0	0
"4257212"	0	0	0	0	0	0	0	0	0	0	0	2	0	0	1	0	0	0
"99945"	1	0	0	1	1	0	0	0	0	0	2	1	0	2	0	0	0	0
"4332893"	0	0	0	0	1	1	1	2	0	3	1	1	0	0	0	0	0	0
"4398626"	0	0	0	0	0	0	0	0	0	0	0	0	1	0	1	0	0	1
"4338067"	3	0	1	0	0	0	0	0	0	0	0	0	0	0	0	0	0	0
"4041989"	0	0	0	0	1	1	1	0	0	0	0	0	0	0	0	0	0	0
"3313618"	1	0	0	0	0	0	1	1	0	0	0	0	0	0	0	0	0	0
"244729"	0	0	0	0	0	0	0	0	0	0	0	0	1	0	0	1	1	0
"4337828"	0	0	0	0	0	1	1	0	4	3	1	0	0	1	1	0	1	1
"1732164"	0	1	1	1	1	1	2	3	0	0	0	0	0	0	0	0	0	0
"4429918"	0	0	0	2	1	0	0	0	0	0	0	0	0	0	0	0	0	0
"1959084"	0	0	0	1	1	2	4	1	0	1	3	0	0	1	0	0	0	0
"4412482"	0	0	1	0	0	0	2	2	1	1	1	0	2	4	1	0	0	0
"4403333"	0	0	0	0	0	0	1	0	0	0	0	1	1	0	1	3	2	2
"3784011"	0	0	0	0	0	0	0	0	0	0	0	3	0	0	0	0	0	1
"4449120"	2	4	0	2	1	0	0	0	1	3	1	3	4	4	3	9	0	3
"4443130"	0	0	0	0	0	1	0	0	0	0	2	0	0	2	0	0	1	2
"4481081"	0	0	0	0	0	0	0	0	0	0	0	0	11	13	3	2	0	2
"1695945"	0	0	1	1	0	0	1	0	2	1	2	1	0	0	3	0	4	4
"3201085"	0	0	0	0	0	0	0	0	0	0	0	0	1	0	9	14	17	6
"4402555"	0	0	0	1	2	1	0	0	0	0	0	0	0	0	0	0	0	0
"3569524"	0	0	4	0	0	2	0	0	1	0	2	0	1	1	0	0	0	0
"2900334"	0	0	0	0	0	0	0	0	0	0	0	0	1	2	2	3	0	0
"4329811"	2	2	1	1	1	2	1	0	5	3	9	10	13	14	11	9	14	14
"4466578"	0	0	0	0	0	0	0	0	3	0	0	0	0	0	0	0	0	0
"2609407"	4	2	0	0	0	0	0	0	0	0	0	0	0	0	0	0	0	0
"1665042"	1	1	2	0	0	0	0	0	0	0	0	0	1	0	0	0	0	0
"2979060"	0	0	0	1	1	0	1	2	2	3	1	1	2	2	2	0	0	2
"3910494"	0	0	1	1	3	2	2	0	0	0	0	0	0	0	0	0	0	0
"4082925"	1	1	2	3	3	0	2	1	0	0	0	0	0	0	0	0	0	0
"4484137"	7	10	8	4	2	4	0	0	0	0	0	0	0	0	0	0	0	0
"4416656"	0	0	0	0	0	0	0	1	1	2	0	0	0	2	1	0	0	0
"2643707"	0	0	0	0	0	0	4	2	5	0	0	1	37	23	1	1	6	4
"4418364"	0	0	0	0	1	2	12	12	8	8	11	6	0	2	0	0	0	0
"2609531"	0	0	0	0	0	0	0	0	0	0	0	0	3	0	0	0	0	0
"245662"	0	0	0	0	0	0	2	0	1	1	3	0	2	4	5	2	2	2
"3967377"	0	0	0	0	0	0	0	0	0	1	0	2	0	0	0	1	3	0
"4354328"	0	0	0	0	3	1	20	23	3	1	8	5	0	1	0	0	0	0
"217239"	2	5	1	0	1	2	0	0	0	0	0	3	0	0	2	1	2	0
"4407527"	1	1	2	1	3	1	6	6	0	0	0	0	0	0	0	0	0	0
"4376943"	1	1	0	4	0	0	0	0	0	0	0	0	0	0	0	0	0	0
"2004420"	0	0	1	0	0	0	0	2	6	8	4	4	4	9	3	1	10	2
"2409903"	2	0	1	1	0	1	1	2	0	0	0	0	1	0	0	0	0	0
"159513"	0	0	0	0	0	1	4	1	1	1	4	2	1	0	0	0	0	0
"4361696"	0	0	1	1	0	0	6	0	13	7	3	10	11	8	4	6	7	4
"4394036"	0	0	0	0	0	0	0	0	0	0	0	0	0	1	2	0	0	0
"239971"	0	0	0	0	0	0	0	0	1	0	1	0	0	0	1	0	0	0
"1108788"	0	0	1	2	0	0	0	0	0	0	0	0	0	0	0	0	0	0
"245599"	0	0	0	0	0	1	0	0	0	0	1	1	0	0	0	0	0	0
"4344518"	0	0	0	0	0	0	0	0	0	0	0	0	2	2	1	1	0	0
"3892695"	0	0	0	0	0	1	1	0	1	0	0	0	0	0	0	0	0	0
"2898369"	0	0	0	0	4	0	0	0	0	0	0	0	0	0	0	0	0	1
"3844699"	4	2	0	0	0	0	0	0	0	0	0	0	0	0	0	0	0	0
"4447637"	0	1	0	0	1	0	2	0	2	1	2	1	0	1	1	1	0	2
"4400687"	0	0	1	4	10	9	1	0	1	0	0	4	0	0	0	0	0	0
"4197191"	1	0	1	0	0	0	0	3	1	2	2	3	0	1	0	0	0	0
"4331526"	0	0	0	0	0	0	3	1	2	0	1	2	1	1	0	0	0	0
"4325622"	0	0	0	0	0	0	0	0	0	0	0	0	0	0	0	0	5	2
"4355892"	2	2	13	26	8	8	1	1	0	0	0	0	0	0	0	0	0	0
"4253568"	2	2	6	10	10	17	0	0	0	0	0	0	0	0	0	0	0	0
"2805362"	1	4	1	0	1	0	0	1	0	0	0	0	0	0	0	0	0	0
"3358423"	2	2	9	2	3	7	11	11	18	21	19	20	29	16	0	1	0	0
"2539038"	0	0	0	0	0	0	0	0	0	0	0	0	0	0	0	0	3	2
"4441734"	0	0	0	0	0	0	0	0	0	0	0	0	0	3	0	0	8	10
"4387376"	0	0	0	0	0	0	0	0	1	0	0	1	3	2	0	0	2	0
"4378804"	7	19	5	4	15	19	26	23	0	0	0	0	0	0	0	0	0	0
"4460622"	0	0	0	0	0	0	0	0	0	0	0	0	0	0	0	0	2	1
"2292385"	1	0	1	1	0	0	0	0	0	0	0	0	0	0	0	0	0	0
"4404765"	0	0	1	0	3	3	0	0	0	0	0	0	0	0	0	1	0	0
"4375521"	0	0	0	0	0	0	0	0	0	0	0	0	0	2	4	0	0	0
"3991581"	0	0	1	0	2	4	0	0	0	0	0	0	0	0	0	0	0	0
"4335143"	7	3	5	8	1	0	1	1	0	0	0	0	0	0	0	0	0	0
"4340971"	2	0	1	0	1	0	0	0	0	0	0	0	0	0	0	0	0	0
"4434179"	0	0	2	0	1	0	0	0	0	0	0	0	0	0	0	0	0	0
"4408108"	3	1	0	0	0	0	0	0	0	0	0	0	0	1	0	0	0	0
"4357487"	2	0	1	0	0	0	0	0	0	0	0	0	0	0	0	0	0	0
"4482457"	1	1	0	1	1	0	3	1	0	0	0	0	1	0	0	0	0	0
"4398292"	22	22	19	22	5	6	1	1	0	0	0	0	2	0	0	0	0	0
"4354478"	0	0	0	0	1	1	0	0	0	0	0	0	2	0	0	0	0	1
"4374421"	0	0	0	0	0	0	0	0	0	0	0	0	0	0	0	3	0	1
"236658"	0	0	0	0	1	2	8	5	4	2	7	8	3	6	2	0	3	0
"254697"	0	0	3	0	4	2	4	5	0	0	2	1	0	3	0	0	0	0
"4340354"	0	0	0	0	0	0	0	0	1	4	0	0	1	3	4	0	5	2
"4447198"	0	0	1	5	28	19	4	1	0	1	0	0	0	0	0	0	0	0
"248966"	0	0	0	0	0	0	1	0	0	0	0	0	0	0	2	0	1	0
"4053303"	0	0	0	0	0	1	1	0	1	0	0	0	1	0	0	0	0	0
"249586"	0	0	0	0	0	0	0	0	0	0	0	0	1	0	3	4	0	1
"4329829"	0	0	0	0	2	1	3	5	2	0	1	0	2	1	0	0	0	0
"3059022"	0	0	0	0	0	0	0	0	0	0	0	1	0	0	0	0	2	1
"4409431"	3	0	1	1	0	0	1	0	0	0	0	0	0	0	0	0	0	0
"39534"	15	16	2	2	0	0	0	0	0	0	0	0	0	0	0	0	0	0
"2939637"	0	0	0	1	3	4	0	0	0	0	0	0	0	0	0	0	0	0
"4086932"	0	0	0	1	1	1	0	0	0	0	0	0	0	0	0	0	0	0
"3362404"	2	1	0	0	0	1	0	0	0	0	0	0	0	0	0	0	0	0
"4416461"	0	0	0	0	0	0	0	2	0	1	0	0	0	0	2	0	0	1
"3362400"	3	2	3	4	0	3	2	4	0	0	1	1	0	0	1	0	0	0
"4023422"	2	6	1	0	0	0	0	0	0	0	0	0	0	0	0	0	0	0
"4453908"	1	1	3	1	0	1	0	0	0	0	0	0	0	0	0	0	0	0
"4480100"	0	0	0	0	0	0	0	2	1	2	0	0	0	0	0	0	1	0
"4442050"	0	1	5	4	0	1	7	5	7	2	11	11	25	22	3	1	0	0
"3222157"	0	0	0	0	0	0	0	0	0	0	0	0	0	0	0	0	0	2
"3586851"	0	1	1	0	0	4	6	12	3	3	1	8	4	7	0	1	0	0
"3317246"	0	0	0	0	0	0	0	0	2	3	1	0	0	3	2	2	0	0
"4373677"	0	0	0	0	0	0	0	0	3	3	0	0	0	6	0	0	0	0
"4468788"	7	11	15	14	10	4	0	0	0	0	0	0	0	0	0	0	0	0
"3625178"	0	0	0	0	0	0	0	0	0	0	0	0	2	2	0	1	3	1
"4454616"	0	1	0	1	0	1	1	0	0	0	0	0	0	0	0	0	0	0
"3832800"	0	0	1	0	3	0	2	1	2	2	1	0	3	3	2	0	1	0
"4341025"	0	0	1	3	1	0	1	0	0	0	0	0	0	0	0	0	0	0
"2021407"	0	0	10	11	17	12	1	3	2	1	0	0	1	0	0	0	0	0
"4479281"	0	0	0	0	0	0	1	2	0	1	0	0	0	2	0	0	0	0
"4436498"	0	0	0	0	0	0	0	0	1	0	1	0	2	2	0	0	0	0
"4479821"	0	0	1	0	6	3	0	0	0	0	0	0	0	0	0	0	0	0
"3841378"	2	3	0	0	0	0	0	0	0	0	0	0	0	0	0	0	0	0
"4446039"	6	3	3	4	5	4	2	1	1	0	3	0	1	2	4	2	3	1
"4441581"	0	0	0	0	0	0	0	0	2	1	0	1	3	1	2	3	2	2
"247961"	0	1	0	0	0	0	0	0	1	1	2	4	2	0	4	2	2	1
"4444543"	1	0	2	0	0	1	0	0	0	0	0	0	0	0	0	0	0	0
"4437964"	0	0	1	0	0	2	1	1	0	0	2	3	4	4	0	0	2	1
"3856485"	0	0	0	0	0	0	3	0	0	0	0	0	2	0	1	0	0	0
"4379859"	0	1	2	4	1	2	3	3	1	2	5	0	1	2	0	1	1	2
"3471159"	0	1	0	4	1	5	0	1	1	1	1	0	0	0	0	0	0	0
"4316348"	6	11	5	8	4	4	0	4	1	4	2	0	4	6	4	5	4	5
"3180137"	0	0	0	0	0	0	1	2	0	0	0	1	1	0	0	0	2	4
"2887026"	0	0	0	0	0	0	0	0	0	0	1	0	1	1	1	2	4	2
"4422788"	0	0	0	0	0	0	0	0	0	0	0	0	3	0	0	0	0	1
"4378264"	0	0	0	0	0	0	1	0	0	1	1	0	2	1	1	0	2	3
"4471530"	1	0	4	7	17	18	8	4	13	7	10	15	5	8	2	0	0	0
"1819997"	0	0	0	0	0	0	0	1	0	0	0	0	1	0	0	0	2	0
"249579"	0	0	0	0	0	0	0	0	6	1	4	3	3	2	5	2	5	0
"254570"	2	0	2	1	1	1	1	0	0	0	0	0	0	0	1	1	1	1
"4425478"	2	0	0	0	0	0	1	0	0	0	0	0	0	0	0	0	0	0
"4332653"	0	0	1	1	7	1	0	1	0	0	1	2	0	0	0	0	0	0
"4159870"	4	3	1	1	0	2	2	1	0	0	0	0	0	0	0	0	0	0
"4034476"	0	0	0	0	0	0	0	0	0	0	0	0	0	2	0	0	1	0
"1715732"	1	0	2	1	2	0	1	0	2	0	2	2	0	1	1	3	1	1
"1833396"	0	0	0	0	1	0	0	0	0	0	0	0	1	1	0	0	0	0
"4368401"	0	0	0	0	0	0	0	0	0	2	0	0	0	0	0	0	0	0
"2969615"	0	0	0	0	0	0	2	1	0	0	0	0	0	0	2	2	1	2
"202318"	0	0	0	0	0	0	4	1	0	0	3	0	0	0	0	0	0	0
"2152700"	8	18	5	1	2	3	0	0	0	0	0	0	0	1	0	0	0	0
"2968587"	0	0	0	0	0	0	0	0	0	0	0	0	0	1	0	0	2	2
"1787797"	2	2	1	0	0	0	0	0	0	0	0	0	0	0	0	0	0	0
"1868810"	0	0	0	0	0	0	0	0	0	0	0	0	2	0	1	1	3	2
"3987103"	0	0	0	0	0	0	3	1	2	3	2	2	3	6	6	5	6	3
"3213684"	0	0	0	1	0	1	0	1	0	0	0	0	0	0	2	0	0	0
"4375657"	0	0	0	0	1	1	2	2	6	4	2	1	5	3	37	32	15	20
"4184652"	4	1	1	0	1	0	0	0	0	0	0	0	0	0	0	0	0	0
"3787522"	0	0	1	1	0	0	2	1	1	0	0	0	0	0	0	0	0	0
"2625392"	0	0	0	0	0	0	0	0	0	2	0	0	0	0	0	2	0	0
"4360632"	0	0	2	1	0	1	0	0	1	2	0	1	0	1	2	1	2	2
"2804605"	0	0	0	0	0	0	0	0	0	0	0	0	0	0	2	0	0	0
"243609"	0	0	0	0	0	0	0	2	4	0	3	10	4	8	3	8	4	1
"4415808"	0	0	0	0	0	0	0	0	2	0	0	0	0	1	0	1	0	0
"4336333"	1	0	3	6	6	6	1	0	1	0	0	0	1	2	0	0	0	0
"2629395"	3	1	2	0	0	0	0	0	0	0	0	0	0	0	0	0	0	0
"4478013"	0	0	3	2	2	3	5	1	2	0	1	0	0	0	0	0	0	0
"4334814"	0	0	0	0	0	0	1	0	0	0	0	0	1	0	0	0	1	1
"4465046"	0	0	0	0	0	0	0	0	0	0	0	0	0	0	0	4	4	2
"4416037"	0	1	1	1	1	1	0	0	0	1	0	0	0	0	0	0	0	0
"4301659"	5	19	8	12	2	4	0	0	0	0	0	0	0	0	0	0	0	0
"2880587"	0	0	0	0	1	2	0	0	0	0	0	0	0	0	0	0	0	0
"2754686"	9	4	6	2	3	0	1	1	0	0	0	0	0	0	0	0	0	0
"238794"	0	0	0	0	0	0	0	0	0	0	0	0	0	1	0	2	0	0
"4178984"	0	0	0	0	1	0	2	1	0	0	0	0	0	0	0	0	0	0
"3564093"	0	0	0	0	0	0	0	1	0	0	0	0	0	1	0	3	1	0
"199930"	0	0	1	0	0	0	0	1	0	0	2	1	0	1	0	0	0	0
"1638571"	0	0	0	0	0	0	0	0	3	0	1	0	1	0	0	1	1	2
"4375841"	0	0	0	1	1	1	2	2	0	0	0	2	0	0	0	0	0	0
"4477571"	2	0	5	3	11	4	5	6	0	2	0	1	0	0	0	0	0	0
"2034262"	0	0	0	0	0	0	0	0	0	4	1	1	1	5	1	2	0	0
"4381182"	0	0	0	0	0	0	0	0	0	0	0	0	1	1	1	1	78	97
"4354606"	0	0	0	0	0	0	0	0	0	1	0	0	1	1	1	3	1	0
"2221514"	0	0	0	0	0	0	1	0	0	0	1	0	0	2	0	0	0	0
"3344026"	0	0	0	0	2	0	0	0	0	0	0	0	1	1	0	1	1	0
"4377019"	0	1	2	7	6	7	2	0	0	0	0	0	0	0	0	0	0	0
"4356696"	0	0	0	0	0	3	0	0	0	0	0	0	0	0	0	0	0	0
"4151820"	0	0	0	0	0	0	1	0	1	0	0	1	0	0	1	1	1	0
"241617"	0	0	0	0	0	0	0	1	0	0	1	0	1	0	1	3	0	1
"4436376"	0	0	0	0	0	0	0	0	2	0	0	1	1	0	0	3	1	3
"4417508"	0	0	0	0	0	0	0	0	1	3	1	0	1	0	2	0	1	1
"4413883"	0	0	0	0	0	0	1	0	0	0	0	0	3	0	0	0	0	0
"4375447"	3	0	0	0	0	0	0	0	0	0	2	0	2	3	2	0	3	2
"1133373"	2	2	0	0	0	0	0	0	0	0	0	0	0	0	0	0	0	0
"4433972"	2	0	1	0	0	0	0	0	0	0	0	0	0	0	0	0	0	0
"4326182"	0	0	0	0	1	0	4	0	0	0	0	0	0	0	0	0	0	0
"4387772"	0	0	1	0	1	0	1	2	0	1	1	0	0	0	1	1	0	0
"4441594"	0	0	0	2	0	1	1	0	0	2	0	0	0	0	0	0	0	0
"4378720"	0	0	0	0	0	0	0	0	0	1	0	0	0	0	0	1	0	0
"4279681"	0	0	0	0	0	1	1	0	5	1	4	1	3	1	1	3	4	5
"4378896"	0	0	1	0	2	2	6	1	2	8	4	0	0	1	1	1	1	1
"4437350"	5	3	0	0	0	0	0	0	0	0	0	0	0	0	0	0	0	0
"4388118"	6	3	0	3	0	3	4	3	0	2	0	3	0	2	0	0	0	0
"3321857"	0	0	0	0	0	0	1	1	0	1	3	0	0	0	0	0	0	0
"4365466"	0	0	0	0	0	0	0	0	0	1	1	0	0	1	0	0	0	0
"3374785"	0	1	0	2	2	1	0	0	0	0	0	0	4	1	0	0	0	0
"4121272"	0	0	3	3	2	2	2	2	2	1	1	2	6	2	2	0	0	0
"4269488"	0	0	0	0	1	0	1	1	0	0	0	0	0	0	0	0	0	0
"4398342"	1	2	5	7	7	10	1	0	0	0	0	0	0	0	0	0	0	0
"2224034"	13	9	3	0	0	0	0	0	0	0	0	0	0	0	0	0	0	0
"4358490"	8	9	9	6	7	3	7	8	1	1	5	2	0	0	0	0	0	0
"4482219"	0	0	1	0	4	2	4	6	1	0	0	1	0	0	0	0	0	0
"4456805"	0	0	0	0	1	2	1	1	0	2	0	0	0	0	0	0	0	0
"4482432"	1	1	0	0	0	0	0	0	0	0	1	0	0	0	0	0	0	0
"203417"	0	0	0	0	0	0	3	0	0	0	0	0	0	0	2	0	0	0
"1756644"	0	0	0	0	0	0	0	0	0	0	0	0	1	0	1	0	1	0
"4438414"	2	4	0	0	2	1	1	3	0	2	1	1	5	5	2	2	2	3
"2236940"	1	0	1	0	1	0	0	0	0	0	0	0	0	0	0	0	0	0
"4356220"	0	0	0	0	0	0	0	0	2	0	1	0	0	0	1	0	0	0
"3174760"	2	3	0	1	0	0	0	0	0	0	0	0	0	0	0	0	0	0
"4365714"	0	0	1	1	1	1	0	0	0	0	0	0	0	0	0	0	0	0
"4415043"	2	0	0	0	0	0	0	0	0	0	0	0	1	0	0	0	0	0
"4483859"	0	0	0	0	0	0	0	0	0	0	0	1	2	1	1	1	0	0
"2146896"	3	0	1	1	0	1	0	0	0	0	0	0	0	0	0	0	0	0
"3084093"	4	0	2	2	2	1	1	1	0	0	0	0	0	0	0	0	0	0
"236747"	0	0	0	0	0	1	2	3	0	0	0	0	3	0	0	0	0	0
"4469309"	0	0	0	0	0	0	1	0	0	0	1	0	3	1	1	0	0	1
"4397562"	0	0	0	0	0	0	0	0	0	0	0	0	0	0	2	1	0	0
"4408445"	0	0	4	2	0	4	1	1	0	0	0	0	0	0	0	0	0	0
"1529840"	1	3	0	2	1	0	0	0	0	0	0	0	0	0	0	0	0	0
"3749715"	0	0	0	0	4	1	0	0	0	0	0	0	0	0	0	0	0	0
"1898607"	0	0	1	3	3	0	0	0	3	4	0	1	10	7	8	12	10	8
"4332680"	0	0	1	0	1	1	1	0	0	0	0	0	2	0	1	0	2	0
"2436860"	0	0	1	2	0	0	0	0	0	0	0	0	0	0	0	0	0	0
"4462330"	0	0	0	0	0	0	0	0	1	2	0	0	0	1	0	0	0	0
"4445047"	0	0	1	0	1	3	9	16	69	71	53	47	42	36	20	16	10	10
"4326576"	0	0	0	0	0	0	1	5	2	0	0	0	0	0	0	0	0	0
"3286008"	0	0	0	0	0	2	0	0	0	0	0	0	0	0	0	0	0	1
"4406574"	0	0	0	0	0	0	0	0	0	0	0	0	0	0	1	0	2	0
"1983328"	0	0	0	0	0	0	1	2	0	0	0	0	0	0	0	0	0	0
"2570802"	0	0	0	0	0	0	0	1	0	0	1	0	0	1	0	0	0	0
"238745"	0	0	0	0	0	0	0	0	0	0	2	1	0	0	0	0	0	0
"3510823"	0	0	0	0	0	0	0	0	0	0	0	0	0	0	0	2	0	0
"4397265"	0	0	3	1	2	3	0	0	1	0	0	0	0	0	0	0	0	0
"2472107"	0	0	0	0	0	0	0	0	0	0	1	1	1	0	0	0	0	1
"4097063"	0	0	0	0	0	0	0	0	0	0	0	0	0	3	0	0	0	0
"4359975"	1	0	0	0	2	0	0	0	0	0	0	0	0	0	0	0	0	0
"4372637"	0	0	3	1	4	10	16	11	5	4	12	6	3	3	0	1	0	0
"159252"	4	2	1	1	0	0	0	0	0	0	0	0	0	0	0	0	0	0
"2952103"	0	0	1	0	0	0	0	1	0	3	1	3	0	0	0	0	1	0
"257006"	0	0	0	1	0	1	0	0	0	0	0	1	0	0	0	0	0	0
"3701446"	4	8	5	6	2	2	0	2	0	0	0	0	0	0	0	0	0	0
"3478703"	3	2	1	5	1	0	1	0	0	0	0	0	0	0	0	0	0	0
"4475144"	8	8	0	0	0	0	0	0	0	0	0	0	0	0	0	0	0	0
"4373124"	0	0	0	0	1	1	1	1	0	0	0	0	0	0	0	0	1	0
"4376443"	0	0	0	2	5	5	1	0	0	0	0	0	0	0	0	0	0	0
"2004417"	0	0	0	0	0	0	1	0	0	0	2	0	0	0	0	0	0	0
"4378661"	0	0	0	0	0	0	3	1	0	0	1	1	2	2	0	0	0	0
"4432031"	0	0	0	0	0	1	3	0	0	0	0	0	0	0	0	0	0	0
"3201759"	0	0	0	0	0	0	0	0	4	1	0	0	0	0	0	0	0	0
"3629722"	4	0	9	13	10	9	4	1	4	7	6	4	5	1	0	0	0	0
"4401618"	1	2	1	1	1	0	0	2	0	0	0	0	0	0	0	0	0	0
"4420726"	0	0	1	0	5	3	10	13	7	8	7	8	33	21	13	7	4	2
"4404916"	0	0	3	2	4	1	1	0	0	2	0	1	2	1	1	0	0	0
"4235075"	0	0	0	0	0	0	0	0	0	0	0	0	0	0	0	2	0	0
"4365477"	226	298	174	178	37	33	12	10	5	9	5	2	4	7	4	2	1	0
"3343020"	0	0	1	0	0	1	0	1	2	1	0	1	1	0	0	0	1	0
"3759696"	0	0	1	1	0	4	0	0	0	0	0	0	0	0	0	0	0	0
"4368285"	0	0	0	0	0	0	0	0	0	0	5	1	3	1	0	0	0	0
"2417690"	1	2	0	0	1	0	0	0	0	0	0	0	0	0	0	0	0	0
"2746832"	0	0	0	0	0	0	0	0	1	2	1	1	4	0	0	0	2	0
"2809525"	0	0	0	0	0	2	2	0	1	0	0	0	0	0	0	0	0	0
"4450423"	1	1	2	2	0	0	0	0	0	0	1	0	0	0	0	0	0	1
"4431573"	1	1	1	2	1	1	4	0	0	0	0	0	0	0	0	0	0	0
"139347"	0	0	0	0	1	0	0	2	5	2	0	4	1	6	2	2	0	0
"159106"	0	0	0	0	0	0	6	3	11	8	41	24	16	7	18	9	32	24
"4263468"	0	1	0	2	0	0	9	8	2	0	5	8	4	7	9	5	11	12
"3719667"	1	3	0	0	0	2	3	1	1	0	0	0	0	0	0	0	0	0
"2101678"	0	0	0	0	2	0	0	0	0	0	0	0	2	1	0	0	0	0
"2267133"	0	0	0	0	0	0	0	0	0	0	0	0	1	0	0	0	7	2
"4342164"	1	0	0	0	0	0	1	1	0	0	0	0	0	0	0	0	0	0
"64245"	0	0	0	0	0	0	0	0	1	0	0	1	0	1	0	0	0	0
"3884906"	0	0	1	0	1	0	1	0	0	0	0	0	0	0	0	0	0	0
"4482087"	0	1	12	13	9	9	2	0	0	0	4	0	0	0	0	0	0	0
"161513"	0	0	0	0	0	0	0	0	0	0	1	0	0	0	0	0	1	0
"4463898"	6	4	36	31	24	26	3	5	0	0	0	1	0	0	0	0	0	0
"4469646"	0	0	0	0	0	0	0	0	2	1	1	3	1	0	0	1	1	1
"3852555"	0	4	0	1	0	0	0	0	0	0	0	0	0	0	0	0	0	0
"2997727"	0	0	0	0	0	0	1	1	2	1	2	4	2	0	2	0	0	0
"4443336"	0	0	0	0	0	0	1	0	1	0	1	0	1	1	0	1	0	1
"237372"	0	0	0	0	0	1	3	0	4	1	5	2	5	6	4	0	1	2
"3719403"	0	0	0	0	0	1	1	2	1	1	0	0	0	1	1	2	0	0
"2068522"	0	0	0	0	0	0	4	2	0	0	1	0	0	0	0	0	0	0
"2986479"	3	4	0	2	0	0	0	0	0	0	0	0	0	0	0	0	0	0
"4300097"	0	0	0	0	0	0	1	0	1	0	0	0	0	1	0	0	1	0
"4481573"	0	0	2	0	3	3	15	11	9	3	4	4	1	2	0	0	0	0
"3769664"	0	0	7	0	1	0	2	0	2	0	0	0	0	0	0	0	0	0
"4481577"	0	2	3	5	4	10	0	0	0	0	0	1	0	0	0	0	0	0
"4479901"	0	0	0	0	0	0	5	1	0	0	0	0	0	1	0	0	0	0
"3832361"	5	1	9	8	1	10	11	9	15	8	8	6	21	10	2	6	7	2
"4363706"	0	2	11	6	9	10	1	0	0	1	0	0	0	0	0	0	0	0
"3671749"	0	0	0	0	4	0	1	0	0	0	0	0	0	0	0	0	0	0
"238175"	0	0	0	0	0	0	0	0	0	0	0	0	0	0	2	0	0	0
"2606046"	1	0	1	1	5	2	1	1	0	0	0	0	0	0	0	0	0	0
"3715974"	0	0	3	3	18	13	1	0	0	0	0	0	0	0	0	0	0	0
"4355709"	0	0	0	0	0	0	2	1	0	0	0	0	0	0	0	0	0	0
"4408718"	0	0	0	1	2	1	2	2	0	0	0	0	0	0	0	0	0	1
"3090296"	0	0	0	0	1	1	6	4	0	0	0	0	0	0	0	0	0	0
"3510818"	0	1	0	0	5	6	7	7	6	5	2	10	7	5	3	2	0	0
"4361361"	0	0	3	0	0	1	0	0	0	0	0	0	0	0	0	0	0	0
"2354638"	0	0	0	0	0	0	0	0	1	0	1	1	0	1	1	0	0	0
"4463888"	0	0	0	0	0	0	0	0	1	1	0	0	0	0	0	1	0	0
"4475608"	1	1	0	1	0	0	0	0	0	0	0	0	0	0	0	0	0	0
"244972"	0	0	0	0	0	0	1	0	0	0	0	0	1	0	0	0	0	1
"2247631"	0	0	0	0	0	0	0	0	0	0	0	0	3	0	0	0	0	0
"3207636"	0	1	1	1	1	1	4	9	1	0	0	2	1	1	1	0	1	2
"3134429"	0	0	0	0	0	0	0	0	0	0	0	0	0	0	2	0	0	0
"159471"	0	0	0	1	0	0	1	3	0	0	0	0	0	1	1	0	0	0
"956902"	2	2	0	0	0	0	0	0	0	0	0	0	0	0	0	0	0	0
"4465830"	0	0	0	1	1	2	5	11	0	0	1	2	3	0	0	0	1	1
"3640197"	0	0	1	0	1	0	1	0	7	9	9	10	37	26	35	33	28	26
"2343588"	0	0	0	0	0	0	0	1	0	0	0	0	2	1	5	3	3	2
"4341271"	0	0	0	0	0	0	0	0	0	1	0	1	0	0	1	1	0	0
"3166411"	0	0	0	0	0	0	2	0	1	2	5	1	2	0	2	0	0	0
"4404053"	3	3	1	1	0	0	0	0	0	0	0	0	0	0	0	0	0	0
"2294756"	0	0	0	0	0	0	0	0	0	0	2	1	1	2	0	0	0	0
"2294754"	0	0	0	0	1	0	0	0	0	0	0	0	1	0	0	0	0	1
"2776987"	2	2	0	0	0	0	0	0	0	0	0	0	0	0	0	0	0	0
"4206362"	0	0	0	0	0	0	0	0	1	1	0	1	0	1	0	0	0	0
"2123372"	0	0	0	0	0	0	3	1	0	0	0	0	0	0	0	0	0	0
"4384856"	0	0	1	2	0	0	0	0	0	0	0	0	0	0	0	0	0	0
"2123377"	6	9	4	8	2	0	5	6	0	0	8	2	0	0	0	0	0	0
"520995"	2	0	0	0	0	0	0	1	0	0	0	0	2	0	0	0	0	0
"10926"	0	1	0	0	3	5	0	0	0	0	0	0	0	0	0	0	0	0
"4339109"	0	0	0	0	0	0	3	2	0	0	0	0	0	1	0	0	0	0
"4452179"	7	3	3	0	0	0	0	0	0	0	0	0	0	0	0	0	0	0
"4338509"	0	0	0	0	0	0	1	1	0	1	0	0	1	2	5	4	5	7
"4456716"	2	0	0	2	0	0	0	0	1	2	0	0	0	0	0	0	0	0
"1703455"	7	8	0	0	0	0	0	0	0	0	2	0	0	0	0	0	0	0
"254307"	0	0	1	1	1	0	0	0	1	0	0	0	2	2	0	0	0	0
"248667"	0	0	0	0	1	0	3	2	4	2	0	2	0	0	0	0	0	0
"3388641"	0	0	0	0	0	0	0	0	1	0	0	0	0	0	0	1	0	1
"3964506"	3	1	1	2	3	5	3	0	0	0	0	0	0	0	0	0	0	0
"3145591"	0	0	0	0	1	0	1	3	0	0	0	0	0	1	0	0	0	0
"236297"	0	0	0	0	0	0	1	1	1	5	1	3	1	3	0	2	1	1
"1615951"	0	0	0	0	0	0	0	0	1	0	0	2	0	1	0	0	0	0
"2423425"	1	0	0	2	0	0	0	0	0	0	0	0	0	0	0	0	0	0
"3781583"	0	0	0	0	1	4	4	6	0	1	0	0	0	1	0	1	0	0
"4197254"	0	0	0	0	0	0	0	0	0	0	0	0	0	0	1	3	1	0
"4455599"	0	0	1	1	0	0	0	0	0	0	0	1	0	0	0	0	0	0
"235527"	7	6	4	6	0	0	0	0	0	0	0	0	0	0	0	0	0	0
"3607630"	0	0	9	5	9	5	3	0	4	6	3	4	10	5	6	8	4	9
"4347440"	1	0	2	1	3	2	1	0	0	0	2	2	1	0	0	0	0	0
"4431633"	3	2	0	1	2	2	0	0	0	0	0	0	0	0	0	0	0	0
"4370274"	0	0	2	4	1	1	5	4	4	1	4	2	5	8	5	3	1	1
"4384144"	1	2	0	0	1	0	0	0	0	0	0	0	0	0	0	0	0	0
"4395156"	0	0	10	3	0	2	1	0	1	0	0	0	0	0	0	0	0	0
"1671385"	0	0	0	0	0	0	0	0	1	3	2	0	0	0	0	0	0	0
"4344021"	0	0	0	0	0	0	0	2	6	2	3	5	8	11	4	10	7	23
"2385328"	5	4	0	0	0	0	0	1	0	0	0	0	0	0	0	0	0	0
"3372350"	0	0	0	0	0	0	0	0	2	1	0	1	1	2	0	1	0	0
"3246087"	0	0	0	0	0	3	1	1	0	0	0	0	0	0	0	0	0	0
"2144341"	0	1	0	3	0	0	0	0	0	0	0	0	0	0	0	0	0	0
"4333754"	3	0	0	2	0	1	0	0	0	0	0	0	0	0	0	0	0	0
"822950"	0	0	0	0	0	0	0	0	0	2	0	2	2	0	2	6	1	0
"4428450"	9	0	5	0	1	0	0	0	0	0	0	0	0	0	0	0	0	0
"138829"	1	0	2	1	0	0	0	0	0	0	0	0	0	0	0	0	0	0
"2640151"	0	0	0	2	6	9	5	0	6	3	3	4	6	2	0	0	0	3
"4461259"	0	0	0	0	1	2	13	8	25	19	46	30	43	36	24	33	13	8
"2656497"	0	0	0	1	1	1	0	0	0	0	0	0	0	0	0	0	0	0
"3326574"	0	2	1	1	1	1	3	0	0	0	0	0	0	0	0	0	0	0
"4321084"	0	0	1	0	0	0	0	0	0	0	0	0	0	0	0	0	1	3
"4394968"	5	1	2	0	0	0	0	0	0	0	0	0	0	0	0	0	0	0
"4432422"	3	3	0	1	0	0	5	3	0	3	1	1	2	0	0	0	0	0
"3362938"	8	11	7	7	4	1	10	7	0	0	0	0	0	0	0	0	0	0
"243900"	0	0	0	0	0	0	0	2	1	1	1	0	1	5	2	2	1	0
"4428294"	0	0	0	0	0	1	0	0	0	0	0	2	0	0	0	0	0	0
"4109584"	1	5	1	1	1	0	0	0	0	0	0	0	0	0	0	0	0	0
"3370270"	0	0	0	0	0	0	0	0	0	0	0	0	1	0	0	5	0	2
"3599704"	0	0	0	0	0	0	0	0	1	1	0	0	0	0	0	0	0	0
"4432558"	0	1	1	0	0	0	0	0	0	1	0	0	0	0	0	0	0	0
"4445537"	0	0	0	0	2	2	27	20	5	5	16	9	5	2	1	0	0	0
"1541224"	0	0	0	0	0	0	0	0	0	0	0	0	0	1	0	0	2	1
"159272"	1	0	0	0	1	0	0	0	0	0	0	0	0	0	1	1	2	0
"2725869"	3	0	0	0	0	0	0	0	0	0	0	0	0	0	0	0	0	0
"2473875"	1	0	1	1	0	0	4	6	1	1	0	0	1	0	0	0	0	0
"3195928"	0	0	0	0	1	0	0	0	0	0	1	0	7	8	10	4	3	2
"1936017"	1	0	0	0	1	0	0	0	0	0	0	0	2	1	0	2	1	4
"3433536"	6	4	0	1	0	1	0	1	0	1	0	1	0	0	0	0	0	0
"4327250"	0	0	0	0	0	1	1	1	0	0	0	0	0	0	0	0	0	0
"4327251"	1	2	13	6	6	3	0	0	0	0	0	0	0	0	0	0	0	0
"2587200"	0	0	1	0	0	0	1	1	1	0	0	0	0	0	0	0	0	0
"4375560"	1	2	1	0	1	1	1	0	0	0	0	0	0	0	0	0	0	0
"4375563"	11	17	9	6	14	3	0	0	0	0	0	0	0	1	0	0	0	0
"2484891"	0	0	0	0	1	0	0	0	0	0	0	2	0	0	0	0	0	0
"4383718"	0	1	4	4	12	9	8	8	3	1	6	2	5	3	2	1	0	2
"4423272"	242	236	121	121	10	4	12	6	1	2	5	4	5	2	0	0	0	1
"2681245"	1	0	0	0	0	0	0	0	0	0	0	2	1	0	0	1	2	7
"2314714"	0	0	0	0	0	0	0	0	0	0	1	0	1	1	1	0	0	0
"1837475"	0	0	1	1	0	0	5	2	3	5	2	2	5	4	1	0	0	1
"4460676"	0	0	2	0	0	0	0	1	0	0	0	0	0	0	0	0	0	0
"159294"	0	0	2	0	0	2	0	1	0	0	3	1	2	4	1	0	0	0
"4342648"	0	0	0	0	0	0	0	0	7	4	0	0	0	0	0	0	0	0
"4393040"	0	0	0	0	0	0	2	0	0	2	1	0	8	9	6	5	7	6
"3435412"	2	0	0	0	2	0	0	0	0	0	0	0	0	0	0	0	0	0
"3740756"	12	10	5	1	0	1	0	0	0	0	0	0	0	0	0	0	0	0
"4225525"	0	0	0	0	0	0	0	1	0	0	2	2	1	0	0	0	0	0
"3412052"	0	0	0	0	0	0	0	1	4	2	1	0	0	1	4	5	0	0
"4441892"	0	0	2	1	1	1	1	1	0	0	0	0	0	0	0	0	0	0
"4384441"	0	0	0	0	0	0	0	0	0	0	0	0	0	0	4	2	2	4
"4322061"	0	2	0	1	0	0	0	0	1	0	0	0	0	0	0	0	0	0
"3918930"	0	0	0	0	0	0	0	0	1	0	0	0	6	6	78	85	7	13
"4395303"	0	0	0	0	0	0	0	0	2	0	0	0	0	0	0	0	0	1
"4394785"	0	0	0	0	3	2	6	7	5	4	2	4	0	0	0	0	0	0
"2808306"	0	0	1	0	0	0	0	0	1	0	0	0	0	1	0	0	0	0
"4362386"	0	0	0	0	1	0	0	2	0	0	0	0	0	0	0	0	0	0
"4423721"	0	0	0	0	0	0	1	1	0	0	0	0	1	0	0	1	0	0
"252805"	1	0	3	5	1	6	0	0	0	0	0	0	0	0	0	0	0	0
"4345545"	0	0	0	0	0	0	0	1	0	0	0	0	1	0	4	0	0	0
"4425432"	0	0	0	0	1	0	0	1	2	0	0	2	1	1	1	3	0	1
"2408281"	2	0	2	0	0	0	0	0	0	0	0	0	0	0	0	0	0	0
"4415494"	0	0	0	0	0	0	1	0	1	1	0	0	0	3	0	0	0	0
"4415327"	0	0	0	0	0	0	0	0	0	0	0	0	1	1	0	1	0	0
"2897416"	1	0	0	1	0	0	0	0	0	1	0	1	0	1	0	1	0	0
"246077"	0	0	0	0	0	0	0	0	0	0	0	0	3	2	1	2	0	1
"2107282"	0	0	0	3	0	0	2	2	0	1	8	6	5	9	12	9	46	52
"2471809"	2	1	3	5	0	0	0	0	0	0	0	0	0	0	0	0	0	0
"3872281"	1	3	1	2	0	0	0	0	0	0	0	0	0	0	0	0	0	0
"4321166"	2	3	3	3	4	1	8	7	0	2	1	2	0	0	0	0	0	0
"2507409"	1	0	1	1	1	0	2	0	0	0	0	0	0	0	0	0	0	0
"4363543"	7	4	1	4	4	0	2	2	0	0	0	0	0	0	0	0	0	0
"2494504"	0	0	0	0	1	0	0	0	4	5	2	4	2	1	0	2	0	0
"4029144"	0	0	0	0	0	0	0	0	1	0	0	0	0	2	0	1	0	0
"4367447"	0	0	0	0	0	0	0	0	3	0	0	0	0	0	1	2	0	0
"3705248"	0	0	3	1	2	0	1	0	0	0	0	0	0	0	0	0	0	0
"4447872"	1	0	0	0	0	3	0	0	0	0	0	0	0	0	0	0	0	0
"2649437"	0	0	0	0	0	0	0	0	0	0	1	0	0	0	2	0	0	0
"4356528"	0	0	0	0	2	1	3	1	0	0	0	0	1	0	0	0	1	0
"318576"	0	0	0	0	0	0	0	0	0	0	0	1	0	0	1	0	0	0
"4369623"	0	0	0	0	5	3	4	4	4	14	6	4	4	3	2	2	1	0
"3202444"	0	0	4	3	1	1	2	2	0	0	0	0	0	0	0	0	0	0
"2331871"	0	0	0	0	0	0	0	0	0	0	0	0	0	0	0	1	2	0
"2259936"	0	2	0	1	1	1	0	1	0	0	0	0	0	0	0	0	0	0
"3756851"	0	0	0	0	0	0	0	0	1	0	1	0	0	0	0	1	0	0
"4360237"	0	0	0	0	0	0	0	0	0	0	0	0	0	0	0	0	1	1
"4350849"	0	0	6	0	16	13	0	0	2	1	2	5	4	2	0	0	0	0
"4393217"	17	36	5	8	0	3	0	0	0	0	0	0	0	1	0	0	0	0
"3900421"	8	13	15	3	0	0	0	0	0	0	0	0	0	0	0	0	0	0
"4479369"	0	0	0	0	0	0	0	0	2	0	1	1	0	0	0	0	0	2
"4449448"	0	0	2	0	2	3	3	3	2	2	2	1	2	0	0	0	1	0
"4421398"	0	0	1	1	0	1	11	7	15	25	13	39	11	15	13	9	3	5
"3468275"	4	6	2	1	0	0	0	0	0	0	0	0	0	1	0	0	0	0
"4385594"	9	3	1	1	0	0	0	0	0	0	0	0	0	0	0	0	0	0
"4353367"	1	3	1	2	0	0	0	0	0	0	0	0	0	0	0	0	0	0
"4437649"	7	4	5	6	1	1	4	6	0	0	1	0	0	0	0	0	0	0
"2221063"	0	0	1	0	0	0	0	0	0	0	0	0	1	5	1	2	0	1
"104057"	0	0	0	1	0	0	1	0	0	0	0	0	2	0	0	0	0	0
"2194481"	3	1	0	0	0	0	0	0	0	0	0	0	0	0	0	0	0	0
"4474822"	0	0	0	0	0	0	0	0	1	0	0	0	0	0	0	1	0	0
"2522679"	0	0	0	0	0	1	12	6	0	4	5	3	0	2	0	0	1	0
"4401396"	3	2	0	1	0	0	0	0	0	0	0	0	0	0	0	0	0	0
"4401398"	2	4	0	2	1	1	0	0	0	0	0	0	0	0	0	0	0	0
"257210"	0	1	0	1	0	1	0	0	0	0	0	0	1	3	0	1	2	0
"4460449"	2	0	1	2	4	4	9	3	0	0	1	0	0	0	0	0	0	0
"159284"	0	2	1	0	0	3	2	0	0	0	0	0	0	0	0	0	0	0
"4339431"	0	0	0	0	0	0	0	0	0	0	0	0	1	0	4	6	2	5
"4368929"	0	0	0	0	0	0	0	0	0	3	0	0	0	1	0	0	0	0
"4437263"	5	3	2	2	0	0	0	0	0	0	0	0	0	0	0	0	0	0
"4328174"	0	0	0	0	0	1	0	2	0	0	1	0	0	0	0	0	0	0
"4359458"	0	0	0	0	0	0	0	0	3	1	0	0	0	0	0	0	0	0
"139171"	0	0	2	1	4	4	2	0	2	1	1	1	1	0	1	0	0	0
"3976249"	0	0	0	0	5	0	13	20	8	11	5	6	0	7	3	2	2	0
"4119352"	0	0	1	0	1	0	3	0	0	0	0	0	0	0	0	1	0	0
"4405700"	0	1	1	1	2	1	1	0	8	10	7	17	5	16	5	8	1	3
"3983096"	1	0	2	1	0	4	20	14	6	4	4	1	10	7	5	5	1	2
"64384"	2	2	0	0	0	0	0	0	0	0	0	0	0	0	0	0	0	0
"254610"	2	2	0	0	0	0	0	0	0	0	0	0	0	0	0	0	0	0
"4425555"	0	0	2	1	0	0	0	2	0	0	0	0	0	0	0	0	0	0
"3979167"	0	0	7	0	1	0	0	0	0	0	0	0	0	0	0	0	0	0
"3150280"	0	0	0	0	0	0	0	0	0	0	0	0	2	1	2	3	0	0
"3449994"	0	1	0	0	0	0	0	0	0	0	0	0	2	4	0	2	1	6
"3449998"	0	0	0	0	0	0	0	0	0	0	0	0	0	1	0	3	1	0
"1917340"	0	0	0	0	0	0	0	0	1	1	0	0	0	0	0	0	0	0
"4428610"	0	0	1	1	0	0	0	0	1	0	0	0	0	0	0	0	0	0
"4328604"	0	0	0	1	0	1	1	1	2	2	0	0	0	0	0	0	0	0
"2251072"	0	0	0	0	0	0	4	1	4	2	0	0	1	1	0	0	0	0
"4370839"	0	0	0	0	0	0	1	2	14	14	11	19	19	27	2	4	0	0
"243744"	0	0	0	0	0	0	0	0	0	0	0	0	2	4	1	5	7	5
"3834498"	1	2	1	0	0	0	0	0	0	0	0	0	0	0	0	0	0	0
"4459854"	1	0	19	26	21	25	15	15	9	9	9	12	6	7	2	0	0	0
"2229121"	0	0	0	0	0	0	2	1	0	1	0	0	0	0	0	0	0	0
"3795561"	0	0	0	0	0	0	0	0	0	0	0	0	0	0	0	1	0	1
"692794"	0	0	0	0	0	0	0	3	0	0	0	0	0	0	0	0	0	0
"4353425"	1	0	2	0	0	1	0	1	0	0	0	0	0	0	0	0	0	0
"4333166"	0	0	0	0	0	0	0	0	0	0	0	0	0	0	0	2	0	0
"245740"	0	0	0	0	0	0	0	0	1	2	1	4	2	3	0	1	0	0
"4355641"	1	0	1	1	0	0	0	0	0	0	0	0	0	0	0	0	0	0
"3324832"	8	10	10	4	3	2	2	0	0	0	1	0	0	0	0	0	0	0
"4377823"	0	0	2	0	0	0	0	0	0	0	1	1	0	0	0	0	0	0
"1705785"	0	0	0	0	0	0	0	1	0	0	0	0	1	0	2	3	1	0
"3475750"	0	0	2	1	0	1	0	3	0	0	0	0	0	0	0	0	0	0
"585063"	0	0	0	0	0	0	0	0	0	0	0	0	3	0	0	0	0	0
"4428321"	0	0	0	0	0	0	0	0	0	0	0	0	3	1	0	1	3	1
"4307873"	0	0	2	0	2	2	0	1	0	0	0	0	0	0	0	0	0	0
"4313000"	0	0	0	0	0	0	0	0	0	0	0	0	0	1	2	2	0	0
"2066103"	0	0	0	0	0	0	0	0	2	0	0	1	4	2	1	10	10	6
"3251478"	0	2	0	2	0	1	0	0	0	0	0	0	0	0	0	0	0	0
"2907831"	0	0	2	3	3	6	0	0	0	0	0	0	0	0	1	0	0	0
"4478771"	0	0	0	0	0	0	0	0	0	1	0	0	0	0	1	1	0	1
"2871212"	2	0	1	0	3	1	11	2	16	10	16	12	29	15	21	14	13	13
"2606521"	0	0	0	0	0	0	1	1	1	0	0	0	0	0	0	0	0	0
"1950395"	7	11	3	10	1	1	10	2	3	2	6	3	5	5	0	1	1	0
"4433371"	0	0	0	0	0	0	0	2	1	2	4	0	1	1	0	0	0	0
"4353087"	0	0	0	0	0	0	0	0	0	0	0	0	0	0	1	2	1	1
"4473627"	0	1	0	1	0	0	1	0	0	0	0	0	0	0	0	0	0	0
"2860732"	0	0	0	0	0	0	0	0	1	2	1	1	1	0	1	0	2	3
"4420077"	0	4	0	1	0	0	0	0	0	0	0	0	0	0	0	0	0	0
"4475092"	1	3	0	0	0	0	0	0	0	0	0	0	0	0	0	0	0	0
"4396476"	0	0	5	3	4	10	15	12	0	5	4	4	10	10	0	0	0	0
"1796584"	6	3	2	1	0	0	0	0	0	0	0	0	0	0	0	0	0	0
"2043756"	1	2	0	0	1	0	0	0	0	0	0	0	0	0	0	0	0	0
"4423920"	3	3	0	1	2	5	37	28	17	10	27	12	3	6	0	0	1	0
"4393841"	0	0	0	0	2	1	2	2	0	0	1	0	0	0	0	0	0	0
"3445551"	0	0	0	2	1	0	1	1	0	0	0	1	0	0	0	0	0	0
"4451116"	0	0	0	0	0	0	0	0	0	0	0	0	0	0	0	4	0	0
"4358468"	0	0	0	0	1	0	2	2	4	4	7	3	3	4	3	1	3	4
"2059400"	2	1	1	0	0	0	0	0	0	0	0	0	0	0	0	0	0	0
"1615346"	1	0	1	3	0	0	0	0	0	0	0	0	0	0	0	0	0	0
"251213"	0	1	0	0	0	1	0	0	3	1	7	3	2	4	1	1	1	2
"251747"	0	0	0	0	0	0	0	0	0	0	0	0	0	0	0	0	2	4
"4382259"	0	0	0	0	0	0	0	1	1	0	1	0	3	0	0	0	0	0
"3030463"	0	0	0	1	2	1	9	2	1	1	1	2	0	1	0	0	0	0
"2940358"	0	0	1	1	1	3	0	1	3	0	1	0	0	1	0	0	2	0
"1657451"	0	0	0	0	1	1	0	0	0	0	2	0	0	0	0	0	0	0
"1824711"	0	0	1	0	0	1	0	0	0	2	0	0	0	0	0	0	0	0
"248108"	0	0	0	0	0	0	0	0	1	0	0	0	1	0	0	1	0	0
"235374"	0	0	0	0	0	0	0	0	0	0	0	0	0	1	0	0	0	3
"4168885"	0	0	4	1	21	18	1	0	0	0	0	0	0	0	0	0	0	0
"4384376"	0	2	0	2	0	0	0	0	0	0	0	0	0	0	0	0	0	0
"4245797"	0	0	0	0	1	0	0	0	0	3	4	1	1	0	0	0	0	0
"3108363"	1	1	2	3	0	0	0	0	0	0	0	0	0	0	0	0	0	0
"3639072"	0	0	0	0	0	0	1	0	1	1	0	0	0	0	0	0	0	0
"3528230"	0	0	0	0	0	0	0	2	7	5	15	6	5	8	1	3	0	0
"2910349"	0	0	0	0	0	0	0	0	1	1	1	2	1	0	0	0	0	0
"4352594"	3	3	0	1	0	0	2	0	0	0	2	3	0	0	0	0	0	0
"237153"	5	4	3	1	1	0	1	1	1	1	8	6	41	27	108	74	50	32
"2879608"	0	0	0	0	0	0	0	0	0	0	0	0	1	0	1	0	1	3
"4255476"	0	1	3	3	8	15	19	19	8	5	10	5	5	9	0	0	0	0
"4447290"	0	0	0	0	0	0	0	0	0	0	0	0	0	0	0	2	0	0
"3567274"	0	0	0	0	0	0	0	0	0	0	0	0	0	0	0	0	1	2
"4198800"	0	0	0	0	0	0	0	0	0	2	0	0	1	0	1	0	0	0
"4416300"	0	0	0	0	0	0	0	0	0	2	0	0	0	0	0	0	0	0
"4416304"	0	0	0	0	0	0	0	0	0	0	0	0	0	1	0	0	3	4
"3104691"	0	2	5	6	9	7	12	15	2	3	5	2	2	2	1	1	0	0
"3104873"	0	0	0	2	0	1	0	0	0	0	0	0	0	0	0	0	0	0
"4413202"	0	0	0	0	0	0	1	0	0	3	0	0	0	0	0	0	1	0
"4334373"	0	0	0	0	0	3	0	0	0	0	0	0	0	0	0	0	0	0
"4432368"	0	0	0	0	2	0	0	1	2	2	0	1	0	0	2	1	0	0
"1912279"	0	0	0	0	2	2	0	0	0	0	0	0	0	0	0	0	0	0
"3982358"	1	0	1	0	1	0	1	0	0	0	1	0	0	0	0	0	0	0
"4344800"	0	0	0	0	0	0	0	0	1	0	0	1	1	2	1	2	5	1
"4370803"	0	0	0	0	0	0	0	0	0	0	0	0	0	0	0	0	1	2
"4355108"	0	0	0	0	0	0	1	0	1	0	0	0	1	2	0	0	0	0
"3048082"	0	0	1	0	2	0	0	0	0	0	0	0	0	0	0	0	0	0
"4361675"	3	6	5	4	1	2	12	10	7	2	4	1	0	0	0	0	0	0
"3056493"	0	1	0	0	0	0	0	2	0	0	1	0	0	0	0	0	0	0
