	chao1	observed_otus	shannon	simpson
TFS.020	189.0	148.0	5.73787281336	0.968975376754
TFS.021	153.647058824	133.0	5.64433353233	0.962472092777
TFS.022	208.8125	155.0	5.95064534291	0.96913215585
TFS.023	152.428571429	117.0	5.45799993478	0.962679389581
TFS.024	131.214285714	108.0	5.32475999841	0.959815993602
TFS.025	126.4	111.0	5.2130862119	0.953925890086
TFS.026	151.6	111.0	5.05343656642	0.939113749548
TFS.027	126.235294118	110.0	4.91591328513	0.940266511397
TFS.028	144.4	121.0	5.33187836316	0.946142678993
TFS.029	119.473684211	101.0	4.91513457331	0.945937995174
L.004.M1	171.105263158	145.0	5.76452688815	0.964496720595
L.005.M1	146.0	123.0	5.43972681301	0.956722654949
L.006.M1	138.25	119.0	5.67592188157	0.968415762483
L.007.M1	143.083333333	122.0	5.14765379703	0.932930991721
L.008.M1	115.083333333	94.0	4.67919584344	0.924711412146
L.012.M1	144.217391304	124.0	5.54296303753	0.968211078664
L.025.M1	135.071428571	110.0	5.21688109804	0.954906630427
CS.137	149.619047619	126.0	5.39135221539	0.957656361562
IMP000.L.T26	152.5	121.0	5.46743573047	0.961157325863
T.CS.145	125.285714286	111.0	5.0656754385	0.941360481085
L.001.M1	163.25	134.0	5.47200890957	0.947868991033
L.002.M1	94.3333333333	83.0	4.86672832798	0.949039608279
L.003.M1	112.176470588	101.0	4.96850764679	0.942982273728
L.022.M1	160.285714286	146.0	6.03431435043	0.973429645054
L.024.M1	138.5	106.0	5.03355910701	0.94008926392
CS.001	167.25	141.0	5.7502413153	0.970457374704
CS.002	161.272727273	134.0	5.69792308013	0.965319375349
CS.003	168.375	129.0	5.39108793323	0.95132030862
CS.004	133.083333333	112.0	5.50836929481	0.962244763088
CS.005	172.714285714	146.0	5.78546891691	0.962893218847
CS.006	153.0	122.0	5.06025229153	0.928923979341
CS.007	139.071428571	108.0	4.92264146989	0.920639075143
CS.008	160.25	124.0	5.39788135832	0.953606670428
CS.009	117.666666667	92.0	5.0677793993	0.952651624438
CS.010	135.5	130.0	5.52642518762	0.931244745451
CS.011	212.526315789	165.0	5.91221685942	0.966628480795
CS.012	148.071428571	130.0	5.747882431	0.967855712715
CS.013	206.115384615	173.0	5.76160686881	0.955866466889
CS.014	225.176470588	156.0	5.34791413846	0.925876367925
CS.015	127.0	102.0	4.56752438293	0.910229814202
CS.016	151.5	114.0	5.11491355007	0.926241314819
CS.017	163.666666667	112.0	4.73258739608	0.908317109237
CS.018	120.230769231	99.0	4.87525864242	0.927616180387
CS.019	131.473684211	113.0	5.01684705341	0.933978363178
CS.020	108.909090909	98.0	5.19890230466	0.950576043414
CS.021	149.0	122.0	5.49203334475	0.958837866245
CS.022	141.2	106.0	4.98227658694	0.949008687957
CS.023	226.833333333	148.0	5.3923561886	0.942422659457
CS.024	252.789473684	183.0	6.09961603045	0.968658770081
CS.025	160.352941176	133.0	5.34176465914	0.941024712523
CS.026	180.045454545	153.0	5.92364713606	0.968176238865
CS.027	129.1	106.0	5.01290600104	0.932249438154
CS.028	159.545454545	137.0	5.69633235976	0.96793453776
CS.029	198.5	149.0	5.69738940306	0.964164436012
CS.030	173.714285714	147.0	5.53861088522	0.9522596767
CS.031	167.333333333	105.0	4.89344733827	0.942596422954
CS.032	97.1538461538	84.0	3.9822354246	0.85085669977
CS.033	162.555555556	135.0	5.42130192772	0.955369128759
CS.035	162.1875	135.0	5.100763804	0.920771030881
CS.036	151.3125	131.0	5.75144055836	0.968431440393
CS.037	109.714285714	100.0	5.13091093289	0.95164257676
CS.038	122.4	104.0	4.6599828995	0.888260707958
CS.039	165.153846154	127.0	5.40280747306	0.953846194046
CS.040	140.368421053	119.0	4.90836918795	0.921044523303
CS.041	138.588235294	113.0	4.80385530079	0.914428880974
CS.042	127.666666667	97.0	4.99243654955	0.940261720925
CS.043	170.545454545	131.0	5.80996337994	0.969826774342
CS.044	140.0	111.0	4.97452332052	0.931389766114
CS.045	165.526315789	136.0	5.66840311721	0.965077674243
CS.046	188.153846154	145.0	5.52763884846	0.952774870227
CS.047	132.0	105.0	5.0193757763	0.944603195376
CS.049	122.666666667	92.0	4.78934576783	0.929587242014
CS.050	129.5	110.0	5.17843760343	0.941238106291
CS.051	138.666666667	117.0	5.54730282333	0.964671355087
CS.052	160.555555556	138.0	5.56694058622	0.958865738084
CS.053	193.0	148.0	5.7597732111	0.965224436896
CS.055	136.230769231	115.0	5.3188133797	0.950506799313
CS.056	166.875	123.0	5.65548756819	0.963937541821
CS.057	138.647058824	121.0	5.45665261557	0.958691539089
CS.058	178.652173913	143.0	5.65704164436	0.965999186926
CS.059	141.4375	127.0	5.78383824448	0.970318451005
CS.060	152.75	123.0	5.38719291623	0.964181420414
CS.061	98.375	77.0	4.47237708463	0.924940048327
CS.062	172.75	124.0	4.96726313201	0.917905892912
CS.063	132.833333333	120.0	5.32483298699	0.948441234731
CS.064	169.75	131.0	5.67709809384	0.969073799186
CS.065	138.5	106.0	5.25466045898	0.953958987895
CS.066	112.1	95.0	4.73712703627	0.912822766241
CS.067	123.769230769	88.0	4.64421476533	0.935678545369
CS.068	132.0	93.0	4.6617949656	0.92905593508
CS.070	176.142857143	96.0	4.61737667727	0.931125854637
CS.071	154.833333333	121.0	5.43681773497	0.958304381823
CS.072	208.5	159.0	5.81725379351	0.963650984475
CS.073	163.214285714	130.0	5.56149336317	0.964946154002
CS.074	223.2	111.0	4.74181769674	0.894492677001
CS.075	135.272727273	118.0	5.34074782718	0.945389703838
CS.076	137.545454545	115.0	5.05262031861	0.948199533626
CS.077	135.5	121.0	4.96324250224	0.930632871481
CS.078	129.214285714	106.0	5.12619651682	0.950176692218
CS.079	141.1875	114.0	5.19239006873	0.949982895836
CS.080	158.5	116.0	5.04035719479	0.94265608611
CS.082	233.434782609	178.0	6.03050264512	0.967880100574
CS.083	234.066666667	162.0	5.95579867585	0.972955388291
CS.084	218.555555556	166.0	6.07693023474	0.973747993718
CS.085	195.75	168.0	6.11314564867	0.974698684732
CS.086	162.526315789	133.0	5.32974561878	0.940343594453
CS.087	149.333333333	101.0	4.71728548328	0.91482997416
CS.088	107.111111111	86.0	4.73570434675	0.924903902036
CS.089	174.142857143	152.0	5.51174347496	0.943568017848
CS.090	156.0	121.0	5.15681120092	0.94299054818
CS.091	162.0	118.0	5.3536431433	0.959907448074
CS.092	200.0	157.0	5.89821941081	0.972324352432
CS.093	155.0	125.0	5.51769610486	0.954523828136
CS.094	112.1	95.0	4.5078249159	0.90481222546
CS.095	156.954545455	141.0	5.78262884301	0.964094756414
CS.096	173.25	126.0	5.72030165431	0.967563493901
CS.097	134.071428571	109.0	5.09521113628	0.942778460904
CS.098	136.571428571	123.0	5.6989264377	0.966662014102
CS.099	188.75	137.0	4.86672767712	0.9044586015
CS.101	137.083333333	116.0	5.42351277986	0.944759974471
CS.102	131.333333333	108.0	4.82353202748	0.916248824973
CS.103	181.058823529	144.0	5.76009117077	0.965963040635
CS.104	162.5	119.0	5.19647960396	0.946174905807
CS.105	170.75	132.0	5.19126072042	0.929187890818
CS.106	205.647058824	155.0	5.5539890836	0.955651766628
CS.108	155.6	106.0	4.69369523503	0.911265862724
CS.109	189.875	154.0	5.52391407634	0.950448007153
CS.110	138.2	113.0	5.02647308161	0.938320708624
CS.111	186.05	143.0	5.48013361302	0.958999435813
CS.112	129.0	108.0	5.16502340615	0.943875914572
CS.113	126.5	98.0	4.67117819972	0.906152251228
CS.114	160.0	129.0	5.83349438337	0.973021583909
CS.115	161.272727273	104.0	5.06756496988	0.953323597061
CS.117	134.043478261	121.0	5.03799894085	0.932490703762
CS.118	143.461538462	110.0	4.68241247965	0.908071053157
CS.119	133.071428571	115.0	5.52542495016	0.962422446063
CS.120	165.8	141.0	5.52494297152	0.953024845785
CS.122	150.352941176	123.0	5.11074076342	0.93151170541
CS.123	132.0	105.0	4.52972262541	0.905031280696
CS.124	104.3	89.0	5.05437995991	0.947020641928
CS.130	182.588235294	139.0	5.5763581189	0.957798769241
CS.131	196.15	161.0	6.0433088908	0.971978567427
CS.132	171.8	134.0	5.81665553875	0.969311145317
CS.133	130.789473684	115.0	5.29741630209	0.955373048236
CS.135	152.555555556	130.0	5.68208056977	0.966455152795
CS.136	197.526315789	150.0	5.79365508642	0.968582993518
CS.143	152.3	127.0	5.72266146797	0.965828036414
CS.153	169.142857143	147.0	5.77773717592	0.965315891369
CS.154	85.6666666667	63.0	4.37712834619	0.927847429552
CS.156	87.75	75.0	4.51203336955	0.926739959442
CS.157	99.8333333333	84.0	4.2946670636	0.893668715755
CS.158	145.352941176	118.0	5.51372404673	0.964954863952
CS.160	173.153846154	130.0	5.06304847741	0.928285104527
CS.161	142.166666667	118.0	5.07580046716	0.948017060179
CS.163	167.8125	114.0	4.81391014841	0.940070537528
CS.164	105.363636364	71.0	3.9682951447	0.902350793662
CS.165	133.5	102.0	5.1252051731	0.95121274074
CS.167	125.4	102.0	4.57438077066	0.910940110603
CS.168	186.333333333	163.0	5.88007636209	0.967135835368
CS.169	163.625	140.0	5.40780702745	0.930838861792
CS.170	119.157894737	112.0	5.21397437699	0.940842239075
CS.171	175.4	131.0	5.00779039564	0.905482020595
CS.172	139.368421053	118.0	5.07510666686	0.934929925188
CS.173	149.0	118.0	4.91515301177	0.914644887728
CS.175	124.0	82.0	4.27105757595	0.912626792372
CS.176	163.0	132.0	5.4659051192	0.955013762809
CS.199	127.789473684	112.0	5.22881306077	0.952919019895
CS.200	202.333333333	179.0	6.42029756362	0.981837359544
CS.217	160.25	131.0	5.52200950008	0.95311063879
CS.218	194.352941176	153.0	5.81761744904	0.965916006906
CS.219	163.352941176	136.0	5.4154922205	0.954820837422
CS.220	127.153846154	111.0	5.07131975783	0.930204341953
CS.227	135.111111111	90.0	4.77481997064	0.941834302352
CS.228	178.555555556	126.0	5.11137231189	0.939635475538
CS.229	175.0	117.0	5.39576629037	0.957509598909
CS.231	181.666666667	142.0	6.01946450897	0.976292170038
CS.232	211.652173913	176.0	6.14038891073	0.97315310415
CS.233	173.384615385	137.0	5.04867715255	0.93856240973
CS.235	155.647058824	135.0	5.73495766406	0.965255357218
CS.236	149.0	105.0	4.82398418292	0.9361410437
CS.237	181.833333333	134.0	5.12629925815	0.939593667779
CS.238	166.0	135.0	5.70144815761	0.967716789016
CS.239	158.055555556	144.0	5.87293838823	0.969571137317
CS.240	136.25	113.0	5.03128510473	0.940907563699
CS.241	128.714285714	109.0	5.30492223959	0.954342661181
CS.247	156.181818182	139.0	5.81963093872	0.968789854825
CS.248	181.071428571	141.0	5.98271680745	0.975088890481
CS.249	144.588235294	119.0	5.38456224445	0.960324219169
CS.251	150.916666667	134.0	4.93243861276	0.912362009899
CS.284	174.166666667	124.0	5.34079754116	0.958563502828
CS.285	105.5	89.0	4.99717917373	0.953189899333
CS.286	145.857142857	103.0	5.31885797279	0.957901546648
CS.292	161.058823529	124.0	5.43947829488	0.959039937079
CS.298	162.84	143.0	5.57512965583	0.956984388939
CS.308.0	148.0	97.0	4.45968428354	0.913110194582
CS.311	141.25	112.0	4.93064566261	0.924449242659
CS.312	161.058823529	130.0	5.66464622292	0.96542476574
CS.345.0	145.142857143	83.0	4.40327990488	0.914832587145
CS.346	132.153846154	94.0	4.62709289195	0.928172746175
CS.347.0	133.0625	104.0	5.16834877481	0.951537621866
L.011.M1	143.166666667	119.0	5.19735234161	0.946903493104
CS.138	134.55	123.0	5.27367839794	0.944696391838
CS.139	118.111111111	90.0	4.80760965673	0.932689726113
CS.140	152.428571429	131.0	5.75390548876	0.967197240514
CS.141	164.375	141.0	5.56287547049	0.958146731733
CS.142	117.25	103.0	5.46871607022	0.965862440715
CS.151	151.894736842	129.0	5.55879635447	0.962530013942
CS.155	147.0	122.0	5.78074289402	0.970358081276
CS.159	146.3	126.0	5.34306870635	0.950494169886
CS.174	172.0	130.0	5.51741052957	0.956652104357
CS.188	121.352941176	109.0	5.14717373956	0.947002786531
CS.190	168.153846154	130.0	5.61619411413	0.959988886104
CS.191	158.6	118.0	5.08953075447	0.919829920811
CS.193	158.176470588	129.0	5.65395461166	0.968229805056
CS.194	107.076923077	84.0	4.59709918651	0.933444007761
CS.196	122.5	110.0	4.82427091367	0.935256983801
CS.198	157.038461538	130.0	5.25543164055	0.946057756983
CS.203	140.0	109.0	4.81002012094	0.916801035787
CS.205	118.071428571	100.0	4.96660003744	0.942261089889
CS.213	111.3	96.0	5.13052233723	0.951227547655
CS.222	130.909090909	99.0	5.08744329721	0.95431522484
CS.224	92.1111111111	71.0	4.29708078891	0.898086837763
CS.230	113.111111111	92.0	4.97798687403	0.936508168082
CS.259	128.647058824	111.0	5.13948424445	0.948692952279
CS.260	137.636363636	124.0	5.27897946382	0.947879007475
CS.269	84.0909090909	77.0	4.63892355391	0.93496607148
CS.274	156.125	98.0	5.11821336557	0.949867053505
CS.275	139.4	121.0	5.69169903402	0.969522797096
CS.282	130.083333333	103.0	5.10809584447	0.950964071675
CS.283	108.545454545	99.0	5.2895872053	0.956213993884
CS.290	107.875	96.0	5.01399528078	0.935087575278
CS.293	125.071428571	107.0	5.1908184445	0.948824908017
CS.294	54.0	43.0	3.28706358365	0.826866885185
CS.295	144.375	119.0	4.99113166314	0.922620153212
CS.296	144.473684211	126.0	5.42497877946	0.95060609274
CS.297	125.55	114.0	4.96472913158	0.921638977374
CS.300	137.55	126.0	5.55952947549	0.963799924615
CS.301	160.894736842	138.0	5.68794127611	0.965977847549
CS.302	120.857142857	78.0	4.79592945807	0.943590663718
CS.305	152.0	123.0	5.27882221726	0.943875479074
CS.318	132.230769231	111.0	5.47937658189	0.959336510868
CS.319	118.157894737	111.0	5.24266275957	0.945453286471
CS.321	130.375	105.0	4.71821893887	0.921510505615
CS.322	130.3	105.0	5.24453571094	0.953873630388
CS.325	67.1666666667	58.0	4.38655333704	0.926844914337
CS.328	63.0	54.0	4.16635445457	0.912303653236
CS.332	129.0	109.0	5.14419822121	0.950100480158
CS.333	144.083333333	117.0	5.55211643121	0.965392103429
CS.334	133.0	103.0	5.41687356488	0.962526529963
CS.335	77.75	68.0	4.50686655223	0.932234195742
CS.339	142.666666667	91.0	4.55761998501	0.918290872691
CS.341	117.866666667	101.0	4.90702775587	0.934798840444
CS.343	125.083333333	104.0	5.14615065649	0.949768195575
CS.350	158.142857143	133.0	5.39036826861	0.952470457484
CS.351	147.0	122.0	5.48291865003	0.957435128839
CS.356	91.0	74.0	4.50852038893	0.907157814926
CS.357	153.055555556	120.0	4.84594355148	0.919430569615
CS.358	82.3333333333	69.0	4.35169849439	0.909697200775
CS.360	152.2	127.0	5.82773668396	0.972161911869
CS.362	125.272727273	98.0	4.9933123431	0.939556214996
CS.365	145.894736842	123.0	5.07050768415	0.925875932427
CS.366	107.0	88.0	4.78622837213	0.93374406553
CS.379	128.625	88.0	4.70631754252	0.93571991763
CS.380	138.428571429	117.0	5.45889805235	0.962472963772
CS.382	143.789473684	128.0	5.69202292223	0.96587027967
CS.388	112.230769231	91.0	4.86782098418	0.947135613264
IMP000.L.T02	174.565217391	144.0	5.79669590607	0.968512442925
IMP000.L.T03	152.176470588	123.0	5.49892811429	0.9615841134
IMP000.L.T04	129.153846154	113.0	5.55629392418	0.96577664771
IMP000.L.T05	213.272727273	135.0	5.58502308975	0.961497013903
IMP000.L.T06	192.583333333	134.0	5.77107698304	0.968799435769
IMP000.L.T09	142.0	117.0	5.4078604142	0.954288223996
IMP000.L.T10	144.214285714	121.0	5.58194377535	0.960806750385
IMP000.L.T17	160.666666667	121.0	5.4549758674	0.960784104516
IMP000.L.T18	155.473684211	131.0	5.61702802616	0.963174114726
IMP000.L.T19	188.0	128.0	5.52577800119	0.963971075128
IMP000.L.T20	135.625	126.0	5.63282030761	0.965424330243
IMP000.L.T27	141.272727273	114.0	5.30725180579	0.956608990105
IMP000.L.T28	161.0	132.0	5.63677231057	0.964895636293
IMP000.L.T29	166.045454545	139.0	5.541417886	0.960091663511
IMP000.L.T30	135.105263158	118.0	5.32504173288	0.954769884216
IMP000.L.T36	176.055555556	137.0	5.57219357067	0.961649002526
IMP000.L.T37	160.066666667	127.0	5.58961399909	0.960625583431
IMP000.L.T38	150.076923077	121.0	5.53189699606	0.960472723813
IMP000.L.T39	169.071428571	129.0	5.64651432204	0.967724192473
IMP000.L.T40	178.75	130.0	5.36993081846	0.95155242878
KL02	171.588235294	128.0	5.46300403671	0.960262814024
L.004.M2	126.954545455	120.0	5.38864637146	0.951945683011
L.004.M3	163.076923077	134.0	5.77150649484	0.967452006544
L.004.M4	168.44	146.0	5.45754406039	0.946237181948
L.004.M5	181.5	126.0	5.283960693	0.946804199676
L.004.M6	158.0625	129.0	5.48493337623	0.960311154245
L.005.M2	148.117647059	129.0	5.50340099719	0.957601924376
L.005.M3	148.25	119.0	5.53370223568	0.96029634733
L.005.M4	143.0	118.0	5.51333517817	0.959498515933
L.005.M5	132.5	116.0	5.1968286043	0.946269408762
L.005.M6	132.25	115.0	5.10759387292	0.946298587094
L.006.M2	130.5	119.0	5.34254820462	0.958430676095
L.006.M3	193.583333333	135.0	5.54630236865	0.961615469219
L.006.M4	145.833333333	120.0	5.30269281901	0.958820010848
L.006.M5	154.166666667	130.0	5.50787726436	0.953475585684
L.006.M6	200.285714286	165.0	6.04563615543	0.972256850321
L.007.M2	154.3125	134.0	5.73529920552	0.966562720675
L.007.M4	179.25	143.0	5.89504690388	0.969783660091
L.007.M5	159.5	140.0	5.87083466811	0.970267497799
L.007.M6	162.0	141.0	5.59341592101	0.95740028904
L.008.M2	138.333333333	105.0	4.93816559751	0.931490801531
L.008.M3	105.625	65.0	3.50782652107	0.837239999835
L.008.M4	154.5	123.0	5.6051172123	0.965226178886
L.008.M5	156.714285714	136.0	5.83539512514	0.970840176995
L.008.M6	163.5	121.0	5.27392000969	0.946483673526
L.012.M2	146.0	131.0	5.62687387442	0.964912620695
L.012.M3	184.928571429	132.0	5.52376924256	0.963893121078
L.012.M4	127.4	112.0	5.30908348174	0.957038826125
L.012.M5	126.666666667	115.0	5.49601778713	0.964451428856
L.012.M6	132.461538462	113.0	5.58926476789	0.962840523651
L.025.M2	132.5	116.0	5.40371131997	0.951430489484
L.025.M3	167.333333333	119.0	5.4266548226	0.950892650087
L.025.M4	127.6	120.0	5.33411202352	0.952321081845
L.025.M5	130.058823529	120.0	5.64659369262	0.965499671308
L.025.M6	138.75	120.0	5.28045588707	0.949165467053
T.CS.003	154.894736842	132.0	5.33999277392	0.949725516821
T.CS.004	141.0	116.0	5.37209463564	0.955335159955
T.CS.007	142.714285714	105.0	4.9256110668	0.945163680642
T.CS.008	122.083333333	101.0	4.45475347117	0.88817012448
T.CS.009	189.047619048	144.0	5.35757644151	0.950127045504
T.CS.013	128.117647059	109.0	4.88981844376	0.931895814194
T.CS.014	137.954545455	122.0	5.3151257622	0.955330369483
T.CS.018	153.5	134.0	5.5641390851	0.959504177401
T.CS.020	139.4	121.0	5.71615113063	0.970771368392
T.CS.023	112.0	89.0	5.10161623457	0.955243269985
T.CS.030	143.0	113.0	5.2362283835	0.953688543956
T.CS.042	160.217391304	140.0	5.52644947669	0.945871799556
T.CS.043	168.333333333	120.0	5.30780691323	0.946314265003
T.CS.045	141.555555556	119.0	4.8140969916	0.909062245438
T.CS.047	156.230769231	125.0	5.55161892426	0.960276749943
T.CS.049	128.428571429	107.0	4.96462450384	0.938048087197
T.CS.051	145.375	120.0	5.22571239409	0.948292294591
T.CS.061	179.153846154	136.0	5.40062820256	0.94521942432
T.CS.065	143.3	123.0	5.17278762647	0.942272412824
T.CS.067	150.0	102.0	4.48652466331	0.909712878684
T.CS.069	182.714285714	145.0	5.66526155409	0.96106761338
T.CS.070	144.181818182	127.0	5.34565267226	0.941789010613
T.CS.071	148.166666667	124.0	5.16012410103	0.93185487743
T.CS.073	147.730769231	131.0	5.2889115958	0.94504087035
T.CS.081	130.3125	110.0	4.97630215798	0.930644194416
T.CS.084	142.3125	122.0	5.19412483041	0.934671239681
T.CS.087	108.0	87.0	4.66704916005	0.926489112889
T.CS.088	186.75	115.0	4.95166091067	0.931124112647
T.CS.089	149.090909091	124.0	5.51603167011	0.954440212619
T.CS.090	101.714285714	92.0	4.34948947105	0.87371726937
T.CS.092	182.0	138.0	5.66170993819	0.959679247391
T.CS.093	147.5	128.0	5.42667858731	0.946387428581
T.CS.094	121.666666667	105.0	4.86069141197	0.9360543797
T.CS.095	133.125	120.0	5.60140831844	0.963678420816
T.CS.096	172.157894737	139.0	5.63164881187	0.960341203571
T.CS.097	204.75	133.0	5.22492755174	0.938317660142
T.CS.098	162.75	141.0	5.74891131757	0.966241759027
T.CS.099	167.272727273	137.0	5.22825834004	0.937555975036
T.CS.100	167.375	142.0	5.90971197131	0.972981953637
T.CS.133	233.25	172.0	6.05278797413	0.975148989134
T.CS.134	156.0	126.0	4.9130918565	0.918390166118
T.CS.135	150.375	125.0	5.43027202012	0.959408803451
T.CS.136	161.214285714	111.0	4.71437762483	0.913458592572
T.CS.137	169.0	139.0	5.66034897877	0.965620304112
T.CS.138	158.2	123.0	5.40555126787	0.955315998066
T.CS.139	167.066666667	140.0	5.69085917127	0.959545549662
T.CS.140	156.75	118.0	5.11735463047	0.936729400806
T.CS.141	114.461538462	95.0	4.80761462751	0.933677434415
T.CS.142	129.333333333	106.0	5.05163571473	0.943809283456
T.CS.143	136.461538462	117.0	5.11034928486	0.929841137049
T.CS.144	154.0	123.0	5.40748042876	0.957385046628
T.CS.146	145.272727273	118.0	5.57930164019	0.96477151951
T.CS.147	174.176470588	145.0	5.75107260582	0.965262760675
T.CS.148	147.625	124.0	5.28912103614	0.947906008319
T.CS.149	170.125	111.0	3.84303524853	0.804664352288
T.CS.150	156.555555556	134.0	5.41431707985	0.948784406751
T.CS.151	119.153846154	103.0	4.97488686817	0.933113900666
BLANK.A01.049	132.2	105.0	5.89056938637	0.973117828853
BLANK.B01.049	136.75	113.0	5.38007042946	0.946655259536
BLANK.E04.050	108.272727273	91.0	4.15547926572	0.858573279747
BLANK.G12.048	186.75	148.0	5.70401507123	0.957354997301
BLANK.H12.048	142.473684211	118.0	4.68386216911	0.896855250869
CS.116	159.615384615	119.0	5.31825169287	0.953033991232
CS.125	143.071428571	112.0	5.18261054033	0.943557565909
CS.126	176.055555556	137.0	5.4756387952	0.953847065041
CS.127	137.428571429	116.0	5.51134488865	0.965342021218
CS.128	161.615384615	121.0	5.54344721704	0.96175395742
CS.129	175.0	134.0	5.49336195235	0.961482642486
CS.145	180.0	135.0	5.3997663402	0.949063560641
CS.146	147.0	120.0	5.23248459255	0.940485131136
CS.147	141.333333333	122.0	5.40466030266	0.960014144958
CS.148	102.153846154	89.0	4.88290066741	0.946895218651
CS.149	169.625	128.0	5.60709490284	0.968294694182
CS.150	222.666666667	149.0	5.5215717374	0.958766880155
CS.152	188.045454545	161.0	6.00463616832	0.972251624351
CS.166	160.071428571	129.0	5.48253248799	0.955875612337
CS.177	108.5	91.0	4.72138768938	0.928504159763
CS.178	150.0	123.0	5.59054546329	0.966306648152
CS.181	195.75	124.0	5.39572767277	0.956862449643
CS.182	172.15	137.0	5.66187038697	0.967887504031
CS.183	139.076923077	110.0	4.97300551656	0.928842105813
CS.184	125.461538462	92.0	4.64916594747	0.931436364345
CS.186	164.666666667	143.0	5.8185648112	0.968948811408
CS.187	114.125	101.0	5.06510770874	0.944151584481
CS.189	144.055555556	111.0	5.04101721832	0.944680713928
CS.195	174.0	114.0	5.11259848724	0.952149060338
CS.202	117.3125	97.0	4.54034104885	0.909826543528
CS.204	128.647058824	108.0	5.08524081404	0.950924441404
CS.206	160.25	124.0	5.5917798092	0.961059338928
CS.207	128.833333333	95.0	4.86538970339	0.942518033407
CS.208	155.454545455	137.0	5.51516496139	0.95362191284
CS.210	128.333333333	105.0	5.31574362617	0.948703404219
CS.212	135.5	103.0	5.14463066356	0.947243616641
CS.214	164.3	131.0	5.06868715131	0.9393994359
CS.215	139.545454545	110.0	5.31525725488	0.956812802929
CS.216	203.666666667	121.0	5.48845695909	0.960182682486
CS.223	173.12	137.0	5.61382056935	0.966379376233
CS.234	107.272727273	80.0	4.52835472673	0.925704346417
CS.242	173.75	127.0	5.20332571451	0.935572719479
CS.243	141.0	110.0	4.69793514591	0.899182113944
CS.244	118.0	105.0	5.54779546715	0.961069790868
CS.245	153.8	101.0	4.74614192765	0.927811718758
CS.246	166.75	139.0	5.2271842452	0.939623717106
CS.252	182.375	143.0	5.83309390215	0.968957521357
CS.253	79.0	69.0	4.44105526533	0.923822997272
CS.254	168.214285714	135.0	5.53864532256	0.957031858165
CS.255	158.0	125.0	5.54925892454	0.963925783389
CS.256	134.4	111.0	5.10063634436	0.94557479027
CS.257	151.894736842	129.0	5.3324421101	0.946081273848
CS.258	191.375	152.0	5.97713231873	0.972114007145
CS.261	168.0625	139.0	5.65203022125	0.958432853582
CS.262	148.25	112.0	5.23279189488	0.953153317544
CS.263	173.5	118.0	4.60209259484	0.895301831332
CS.264	147.055555556	114.0	4.178856533	0.867184371563
CS.265	168.954545455	153.0	5.82676925171	0.965369893057
CS.267	97.5	80.0	4.66514730508	0.937207141549
CS.268	146.235294118	124.0	5.61082236894	0.966910683167
CS.270	129.230769231	108.0	5.35947516808	0.960499289159
CS.272	132.0	107.0	4.90203713541	0.928998449411
CS.276	143.111111111	115.0	5.59940770134	0.966644594202
CS.277	141.714285714	125.0	5.60531784385	0.967278678544
CS.278	129.0	114.0	5.13382780161	0.945893574431
CS.280	153.833333333	120.0	5.48611954575	0.960352091009
CS.281	186.571428571	128.0	5.03134927814	0.924959210217
CS.287	143.055555556	129.0	5.75366596189	0.968815113679
CS.288	154.066666667	121.0	5.59456295797	0.966186450846
CS.303	152.0625	123.0	5.38257674614	0.954872226126
CS.304	134.066666667	101.0	4.89019834521	0.94248798408
CS.306	208.4	167.0	6.12938249371	0.976619228651
CS.307	121.4	110.0	5.17206896361	0.942565067135
CS.309	172.176470588	133.0	5.40942121145	0.955887806266
CS.313	174.8	150.0	5.93404058302	0.970337177397
CS.314	214.75	143.0	5.62147065911	0.959233733461
CS.316	118.176470588	107.0	5.09872881055	0.943388157386
CS.320	133.0	113.0	5.38957242997	0.960522370526
CS.323	155.714285714	139.0	5.83482266846	0.971436373055
CS.326	129.55	112.0	5.24981503581	0.958405852738
CS.327	142.0	107.0	4.68240079092	0.930801409009
CS.329	125.230769231	104.0	5.22567452821	0.950164933786
CS.330	148.5	116.0	5.40689826483	0.955199284739
CS.331	169.058823529	132.0	5.41864269102	0.9525196687
CS.336	147.0	127.0	5.72069074098	0.969840710262
CS.337	127.142857143	91.0	4.73986961508	0.9331426435
CS.338	158.769230769	123.0	5.27666721828	0.947440897003
CS.344	197.230769231	131.0	5.67453657396	0.970860645377
CS.348	168.1	112.0	5.36607278351	0.962548304837
CS.349	225.0	139.0	5.71609618414	0.965898587007
CS.354	144.071428571	113.0	5.01999624521	0.926077567764
CS.359	110.272727273	83.0	4.64316601957	0.937668333388
CS.361	124.588235294	111.0	5.15259044651	0.946397445023
CS.363	144.9375	123.0	5.62666679499	0.967624899046
CS.364	87.7142857143	78.0	4.7016092012	0.943138181828
CS.367	89.5714285714	76.0	4.74726703223	0.944108905728
CS.368	194.214285714	144.0	5.6268432158	0.959221975029
CS.369	105.5625	96.0	4.7824655306	0.936913616243
CS.370	158.25	122.0	5.48838666078	0.960359929963
CS.371.1	133.352941176	106.0	4.62813826447	0.907299787107
CS.372	149.0625	120.0	5.57972497377	0.966876278866
CS.373	155.0	120.0	5.03716960118	0.928420544246
CS.374	141.4	115.0	5.4022694186	0.961366800154
CS.375	145.5	114.0	5.01915912496	0.942246282975
CS.376	186.375	112.0	5.29892337463	0.953081895956
CS.377	193.4375	137.0	5.75895945221	0.972033004613
CS.378	130.6	100.0	5.42968843999	0.964864280474
CS.381	176.0625	141.0	5.90836988457	0.973748429215
CS.385	146.214285714	123.0	5.56817371797	0.963339603771
CS.386	104.5	88.0	4.47405413977	0.912124228271
CS.387	150.2	125.0	5.62059754085	0.967492943308
CS.389	125.272727273	98.0	5.1828766904	0.957215638105
CS.390	141.461538462	108.0	5.2613761475	0.958969821984
CS.391	163.176470588	134.0	5.73625158068	0.969993134382
CS.393	134.555555556	112.0	5.15540298126	0.948697307254
CS.395	158.833333333	133.0	5.79333203099	0.972352659768
CS.500	218.857142857	113.0	4.88667452516	0.932691903601
L.001.M0	132.0	114.0	4.84733192983	0.907875079288
L.001.M3	130.8	117.0	4.78868306228	0.882210341367
L.001.M4	85.5454545455	76.0	4.32241640773	0.910879140955
L.001.M5	179.315789474	134.0	5.04385088548	0.933021575199
L.001.M6	135.315789474	122.0	5.65116284728	0.956166524658
L.002.M0	135.0	117.0	5.3559180469	0.960662600717
L.002.M2	197.333333333	115.0	4.32602066999	0.859216945033
L.002.M4	147.789473684	132.0	5.37232773799	0.945188503999
L.002.M5	114.769230769	97.0	5.13916333781	0.951322486107
L.002.M6.0	147.142857143	125.0	5.36842810517	0.956768382186
L.003.M0	148.647058824	131.0	5.54866511446	0.961094178727
L.003.M2	122.5	106.0	5.09926067026	0.945786006551
L.003.M4	215.333333333	133.0	5.58669084008	0.959619148737
L.003.M5	149.909090909	113.0	5.24824241172	0.952819726468
L.003.M6	148.769230769	113.0	5.31646307761	0.960577243209
L.022.M2	152.545454545	143.0	6.09666022615	0.977500675565
L.022.M3	142.5	123.0	5.22888104671	0.943191748019
L.022.M4	141.55	130.0	5.6755217097	0.966015735831
L.022.M5	168.769230769	133.0	5.8933692018	0.974820624029
L.022.M6	140.555555556	130.0	5.76309216036	0.967820001921
L.024.M2	144.588235294	119.0	5.13952448097	0.947159130129
L.024.M5	144.1875	117.0	5.1204438844	0.941891352522
L.024.M6	159.583333333	110.0	4.69394128254	0.92708530895
L.031.M0	159.545454545	120.0	4.98690836687	0.935694658776
L.031.M1	178.0	154.0	5.95752776131	0.972930564934
L.031.M2	181.875	151.0	5.54058200994	0.948488703957
L.031.M3	172.791666667	148.0	5.66649404198	0.961156454868
L.031.M4	208.526315789	161.0	5.58014615026	0.949620126429
L.031.M5	153.076923077	124.0	5.44731626137	0.955647411653
L.031.M6	174.75	126.0	5.20265491565	0.947838506209
L.032.M0	170.571428571	123.0	5.37455015494	0.96175221543
L.032.M1	154.0	127.0	5.27054469584	0.946424881365
L.032.M2	136.0	107.0	4.90011118865	0.937315144926
L.032.M3	117.75	99.0	4.49316019847	0.913081451748
L.032.M4	151.588235294	108.0	3.61646696904	0.824156784321
L.032.M5	128.352941176	101.0	4.70665854842	0.915730147466
L.032.M6	144.0	113.0	5.14819976483	0.949800422389
L.033.M0	153.0	122.0	5.42133828374	0.957915918065
L.033.M1	134.214285714	111.0	5.24798342228	0.952204368519
L.033.M2	162.153846154	124.0	5.39308056268	0.952724788016
L.033.M3	136.230769231	105.0	4.7076312588	0.905733302645
L.033.M4	143.3	123.0	5.10530041429	0.930717357994
L.033.M5	110.352941176	98.0	4.98677660895	0.941472839437
L.033.M6	140.0	111.0	5.01940423227	0.938687397508
L.034.M0	155.166666667	131.0	5.7076881404	0.963968026645
L.034.M1	175.2	140.0	5.84054703452	0.969764933699
L.034.M2	153.076923077	130.0	5.63956887457	0.963330022827
L.034.M3	142.285714286	128.0	5.46283303609	0.95429606295
L.034.M4	147.0	118.0	5.2579363692	0.95019541861
L.034.M5	173.714285714	136.0	5.7616794111	0.967377536473
L.034.M6	158.0	133.0	5.79529686198	0.966834035609
L.035.M0	148.058823529	117.0	4.83215061907	0.923150153654
L.035.M1	143.625	112.0	5.37994932822	0.957329738447
L.035.M2	118.0	83.0	4.53530329883	0.916771857456
L.035.M5.1	116.333333333	93.0	4.81534293523	0.927087050939
L.035.M5	105.461538462	95.0	4.96946688433	0.937809434574
L.035.M6	118.866666667	102.0	4.67410751216	0.912343283507
L.036.M0	143.625	134.0	5.52435026288	0.947419122129
L.036.M1	162.909090909	131.0	5.53208472261	0.95275875682
L.036.M2	155.833333333	122.0	5.42560598222	0.956522761603
L.036.M3	140.526315789	126.0	5.56957322872	0.960155681642
L.036.M4	135.352941176	123.0	5.51537774473	0.958306123813
L.036.M5	181.0	146.0	5.93883238431	0.97040946998
L.036.M6	157.071428571	126.0	5.43453689772	0.957020970728
T.CS.001	197.5	104.0	4.94592613389	0.932897458415
T.CS.002	154.615384615	114.0	5.28212298018	0.956293254427
T.CS.005	144.25	128.0	5.31012198665	0.943912060863
T.CS.011	113.583333333	106.0	5.41485378438	0.960702230988
T.CS.012	125.0	104.0	5.17696948326	0.948354570731
T.CS.016	152.461538462	119.0	5.53796680554	0.967063107288
T.CS.017	180.75	151.0	5.54898856804	0.949932813625
T.CS.019	123.055555556	105.0	4.50188378941	0.902560267953
T.CS.021	184.0	133.0	5.71330738386	0.969992698885
T.CS.022	152.368421053	131.0	5.57906403625	0.955869950869
T.CS.024	200.583333333	142.0	5.50812763837	0.953371937282
T.CS.025	161.333333333	120.0	5.40581253033	0.961101582184
T.CS.026	119.142857143	83.0	4.83320970494	0.949465960319
T.CS.027	161.333333333	132.0	5.32240693625	0.949676741103
T.CS.028	181.5	129.0	5.37103478336	0.954649251412
T.CS.029	186.105263158	160.0	5.97155816326	0.967627512031
T.CS.031	155.833333333	130.0	5.28901199447	0.939983873528
T.CS.032	175.166666667	134.0	5.28251031006	0.951201853303
T.CS.033	174.142857143	137.0	5.56175804739	0.960364720436
T.CS.034	133.0	110.0	5.04837488766	0.938322886112
T.CS.035	157.352941176	130.0	5.39577701887	0.947261036541
T.CS.036	174.2	139.0	5.61727040708	0.960777572054
T.CS.037	146.05	118.0	5.07660379169	0.944151148984
T.CS.038	163.2	138.0	5.70904861572	0.966108496796
T.CS.039	185.9375	142.0	5.26605418537	0.944108034733
T.CS.040	186.3125	140.0	5.46019165654	0.954951486669
T.CS.041	169.0	136.0	5.36825097767	0.946362605224
T.CS.044	182.8125	129.0	5.28947276758	0.950619593163
T.CS.046	187.0	130.0	5.39261190245	0.956663862789
T.CS.048	150.588235294	125.0	5.63041967718	0.967838292815
T.CS.050	139.714285714	119.0	4.91713845893	0.92794149701
T.CS.052	142.428571429	121.0	5.65804300867	0.970269239789
T.CS.053	127.055555556	113.0	5.21577643876	0.950433200238
T.CS.054	164.5	109.0	4.75118623861	0.92304519876
T.CS.055	133.652173913	116.0	5.27277195152	0.955100862307
T.CS.056	121.647058824	101.0	4.56064072444	0.899322344135
T.CS.057	126.647058824	109.0	5.53644733467	0.968360454302
T.CS.058	160.111111111	115.0	5.20847892998	0.947014109465
T.CS.059	155.6	137.0	5.45756143607	0.957045794085
T.CS.062	154.2	129.0	5.42589053312	0.944100631275
T.CS.063	184.526315789	137.0	5.11405461788	0.928848202778
T.CS.064	174.9375	131.0	5.04267651065	0.92706440507
T.CS.066	158.142857143	133.0	5.54526135361	0.954819966427
T.CS.068	162.3125	116.0	4.89332928268	0.922352757755
T.CS.072	183.0	139.0	5.66996340053	0.963790343671
T.CS.074	163.333333333	135.0	5.21906076185	0.938820659739
T.CS.075	149.647058824	129.0	5.28947496444	0.932391410335
T.CS.076	150.473684211	132.0	5.77767771494	0.971006537035
T.CS.077	182.3	135.0	5.25853800701	0.944303137607
T.CS.078	124.875	113.0	5.18989049704	0.924388708508
T.CS.079	132.333333333	109.0	5.39587624569	0.959444078748
T.CS.080	131.789473684	116.0	5.19974332189	0.946927880963
T.CS.082	182.076923077	119.0	4.8077932027	0.921808821394
T.CS.085	151.526315789	122.0	5.08710970517	0.935935924384
T.CS.086	173.157894737	140.0	5.45175553224	0.953300080197
T.CS.091	172.1875	135.0	5.64278862193	0.963322619369
T.CS.101	146.6	106.0	5.05600616335	0.946391348059
T.CS.102	181.157894737	138.0	5.301828094	0.948764809364
T.CS.103	175.217391304	143.0	5.76912010273	0.968796822785
T.CS.104	176.0	137.0	5.51084276363	0.961519224274
T.CS.105	215.454545455	162.0	5.91033881784	0.973346465034
T.CS.106	150.714285714	134.0	5.57971635187	0.960567662265
T.CS.107	133.083333333	106.0	5.04328397851	0.93839082372
T.CS.108	157.625	134.0	5.89543075175	0.975549646822
T.CS.109	164.368421053	143.0	5.88126844596	0.970051926543
T.CS.110	178.1875	141.0	5.75802641029	0.968350873358
T.CS.111	139.9375	118.0	5.17815757148	0.951478394208
T.CS.112	118.176470588	107.0	5.10920604228	0.948061480922
T.CS.114	177.058823529	140.0	5.52745157928	0.952362018609
T.CS.115	199.0	154.0	5.9132026652	0.972550375627
T.CS.116	143.666666667	127.0	5.52397813148	0.960703972978
T.CS.117	132.9375	111.0	4.90460880129	0.936400164705
T.CS.118	168.05	140.0	5.73586350283	0.967489459328
T.CS.119	182.285714286	153.0	5.73465335789	0.96569695167
T.CS.120	144.142857143	122.0	5.27642714006	0.943407754773
T.CS.121	162.428571429	127.0	5.62515053813	0.960660858727
T.CS.122	165.2	130.0	5.29038494662	0.948844069907
T.CS.123	155.2	120.0	5.32375946459	0.956072457201
T.CS.124	184.272727273	154.0	5.71489406233	0.960271088476
T.CS.125	145.066666667	118.0	5.22243251159	0.951480136197
T.CS.126	178.115384615	145.0	5.3030169002	0.945297813868
T.CS.127	163.615384615	123.0	5.38066380717	0.956821512879
T.CS.128	191.391304348	164.0	5.89678693512	0.965451331087
T.CS.129	156.714285714	136.0	5.7449001433	0.969129542865
T.CS.130	153.0	124.0	5.68444960413	0.96525666371
T.CS.131	160.0	129.0	5.28313484071	0.936186335439
T.CS.132	192.0	155.0	5.83101922889	0.965695645178
T.CS.152	143.214285714	120.0	5.36514114576	0.954852193242
T.CS.153	193.15	158.0	5.98711913649	0.972120975105
T.CS.154	134.428571429	113.0	5.31816787213	0.954814740458
T.CS.155	205.0	136.0	5.21103771132	0.943923819296
T.CS.156	148.0	109.0	5.06635304248	0.936202013348
T.CS.157	134.3	114.0	4.96661683599	0.935068413389
T.CS.158	171.272727273	141.0	5.35324702088	0.947255375073
T.CS.159	190.333333333	147.0	5.74673164166	0.965559769962
T.CS.160	174.476190476	141.0	5.72820923777	0.970657703548
T.CS.161	192.875	162.0	5.99309626287	0.970564071588
T.CS.162	161.75	115.0	5.11409032126	0.941293414472
T.CS.163	183.5	128.0	5.36198250845	0.955863853905
T.CS.164	172.375	133.0	5.63103176288	0.966873665881
T.CS.165	133.666666667	112.0	5.1962780268	0.942619504321
T.CS.166	179.052631579	144.0	5.65376317176	0.96242636554
T.CS.167	131.0	102.0	4.81420512252	0.936443714454
T.CS.168	152.157894737	119.0	4.81874546674	0.917964249576
T.CS.169	140.461538462	121.0	5.35868424514	0.951608172459
T.CS.170	159.0	129.0	5.44332183164	0.962590112596
T.CS.171	147.5	122.0	5.02144829513	0.941523357146
T.CS.177	175.571428571	128.0	5.38202778735	0.954997213905
T.CS.178	151.454545455	133.0	5.71531473825	0.967509492212
T.CS.179	196.789473684	147.0	5.63854337528	0.956113829462
T.CS.180	173.05	136.0	5.46017076545	0.95354395879
