	PD_whole_tree	chao1	observed_otus	shannon	simpson
TFS.020	74.43619	920.0	430.0	7.13757444011	0.984555299362
TFS.021	74.06193	1249.06521739	589.0	7.7528956303	0.9875297472
TFS.022	85.35109	923.585365854	484.0	7.53049887882	0.988977776345
TFS.023	59.44978	914.118644068	395.0	6.78833076827	0.980861409675
TFS.024	57.08813	893.622222222	368.0	6.64555195495	0.97649990234
TFS.025	55.15351	777.637931034	381.0	6.71581603945	0.976676278822
TFS.026	57.61131	984.021276596	389.0	6.6751112233	0.973070359627
TFS.027	63.11404	821.0625	432.0	6.63983654244	0.971030053899
TFS.028	79.32503	1250.6	483.0	7.12510423261	0.980399782338
TFS.029	49.99016	626.365384615	320.0	6.22126880141	0.969302870865
L.004.M1	81.8203	1116.825	522.0	7.54829133652	0.987306336989
L.005.M1	70.963	1024.421875	457.0	7.01391595691	0.975874963445
L.006.M1	65.54753	661.270833333	362.0	7.24298862949	0.987928227401
L.007.M1	69.41397	1120.59677419	477.0	7.16661419094	0.981992396649
L.008.M1	48.26063	775.4	342.0	6.22021006954	0.960181811491
L.012.M1	65.23339	965.32	406.0	7.06225621307	0.984788726015
L.025.M1	53.42792	817.042553191	359.0	6.66584254524	0.979004012892
CS.137	62.84043	551.246153846	338.0	6.61935329435	0.9750335823
IMP000.L.T26	65.60359	720.2	408.0	6.85019192831	0.979175598902
T.CS.145	60.34994	728.25	321.0	6.33968648311	0.971372790422
L.001.M1	76.14962	674.833333333	354.0	6.61833056202	0.968494152031
L.002.M1	46.70484	668.773584906	330.0	6.04703378152	0.96279566741
L.003.M1	52.50283	944.278688525	405.0	6.66520440733	0.977459738802
L.022.M1	93.75942	990.0	476.0	7.53865164893	0.988110700848
L.024.M1	56.79889	802.368421053	372.0	6.56552259482	0.975507403566
CS.001	87.25172	715.595744681	369.0	7.09209359199	0.985096187241
CS.002	67.60068	474.0	288.0	6.56685328249	0.977021192832
CS.003	73.62033	813.384615385	353.0	6.6694939346	0.975165538039
CS.004	54.65801	557.875	271.0	6.38318913757	0.973725783346
CS.005	87.21391	928.195652174	414.0	7.15163235249	0.982798937996
CS.006	60.00565	727.487179487	319.0	6.23407554922	0.959827752034
CS.007	65.82883	842.01754386	380.0	6.40182612807	0.962483415711
CS.008	65.36989	594.078431373	332.0	6.65036744524	0.97495911223
CS.009	41.96573	407.117647059	221.0	5.88402514309	0.968875212332
CS.010	62.52256	351.076923077	250.0	6.28075531098	0.944857961406
CS.011	89.33032	631.105263158	364.0	6.85376449652	0.976287379566
CS.012	81.38661	736.5	369.0	6.87858000715	0.980014367062
CS.013	84.18991	627.193548387	390.0	7.1339627346	0.980551335464
CS.014	85.07295	675.047619048	384.0	6.80424991236	0.975417691084
CS.015	55.59772	709.317073171	312.0	5.93450621484	0.95455779694
CS.016	51.76786	496.214285714	258.0	6.21159425564	0.964744954163
CS.017	60.60506	613.25	302.0	5.71078691957	0.929080322939
CS.018	42.66379	663.5	219.0	5.31950064679	0.925219202217
CS.019	60.53423	750.527777778	308.0	6.20863252641	0.963951477741
CS.020	50.62927	607.777777778	289.0	6.24685756114	0.970029716171
CS.021	55.93926	1502.25	291.0	6.45316861598	0.975866253496
CS.022	45.82996	489.444444444	225.0	5.91088745483	0.967185482082
CS.023	70.54365	848.382978723	377.0	6.78895901563	0.975853188571
CS.024	94.41723	921.172413793	439.0	7.31129116078	0.985428907322
CS.025	58.02572	534.37037037	261.0	6.01732015933	0.95275353085
CS.026	76.17032	604.175438596	361.0	6.9794661013	0.98266306278
CS.027	65.90365	572.875	286.0	6.05958756641	0.953850113523
CS.028	77.99057	596.826086957	334.0	6.79842140871	0.980433315645
CS.029	66.02713	534.243243243	297.0	6.61722457146	0.978385170962
CS.030	79.46276	813.608695652	381.0	6.85028780709	0.97838038049
CS.031	52.13358	712.25	259.0	5.96166534027	0.96485295754
CS.032	40.14563	329.454545455	171.0	4.93355479424	0.913423317276
CS.033	68.77853	665.234042553	345.0	6.74702743163	0.978991818962
CS.035	65.71162	685.135135135	315.0	6.36193399321	0.965595480755
CS.036	63.08862	541.03125	279.0	6.55065721303	0.978710923083
CS.037	47.27508	483.0	241.0	5.91222752467	0.964095191912
CS.038	51.52944	592.8	282.0	6.07038893117	0.957079327392
CS.039	63.3587	645.636363636	323.0	6.48697468786	0.972185428733
CS.040	61.12304	719.0	304.0	6.11328587049	0.962114984837
CS.041	50.89165	534.833333333	251.0	5.60514453667	0.932337408646
CS.042	50.70491	1049.64705882	273.0	6.18995964707	0.973014615949
CS.043	64.34857	730.0	315.0	6.74331503581	0.979833635605
CS.044	53.45441	782.576923077	281.0	6.27449230745	0.972251624351
CS.045	64.09427	887.46875	344.0	6.80828817173	0.981788148328
CS.046	82.02445	835.591836735	392.0	6.85127994479	0.975366737878
CS.047	45.36302	568.391304348	226.0	5.70889015304	0.957340190386
CS.049	50.31924	705.045454545	250.0	5.68579613043	0.943095503075
CS.050	42.19777	394.058823529	189.0	5.91222707649	0.968157076976
CS.051	51.9763	424.162162162	247.0	6.21684190493	0.972636168632
CS.052	72.94397	651.489795918	330.0	6.38104668933	0.969699173578
CS.053	70.82423	626.857142857	324.0	6.5815536397	0.971091894543
CS.055	53.23994	642.0	285.0	6.33340190138	0.972295609597
CS.056	56.12641	668.625	269.0	6.37092230781	0.974595907325
CS.057	66.97131	528.108695652	298.0	6.39682455882	0.973596005094
CS.058	66.93286	614.772727273	311.0	6.53618051833	0.977769377515
CS.059	74.0919	587.0	347.0	6.95487231785	0.983263613815
CS.060	55.22339	626.913043478	251.0	6.1521974145	0.973900853336
CS.061	42.80064	641.12	235.0	5.63774679963	0.957322334989
CS.062	63.05917	793.777777778	321.0	6.3955299512	0.970645074121
CS.063	54.01978	440.222222222	238.0	6.04233026265	0.961222650486
CS.064	69.91233	564.756756757	298.0	6.60108838627	0.979089805897
CS.065	60.62497	907.45	343.0	6.38383497062	0.971754286221
CS.066	52.22094	475.090909091	244.0	6.01373183012	0.967176336634
CS.067	35.34234	309.882352941	151.0	5.12352270866	0.944192956743
CS.068	48.33477	688.652173913	241.0	5.46087039875	0.945466351396
CS.070	41.79459	384.434782609	182.0	5.06266519953	0.93845135787
CS.071	52.47437	618.291666667	247.0	6.15816858944	0.971320966221
CS.072	85.78439	1171.27083333	437.0	7.02835033787	0.981414491484
CS.073	58.90019	688.571428571	302.0	6.52426661077	0.979663356087
CS.074	53.66269	748.941176471	296.0	5.96984667827	0.949918006711
CS.075	61.44231	473.956521739	286.0	6.37026378238	0.972599151346
CS.076	51.772	521.181818182	243.0	5.83708274666	0.964640434766
CS.077	61.69042	787.818181818	331.0	6.10392871738	0.957011389784
CS.078	56.3662	589.727272727	297.0	6.3682733954	0.975743443204
CS.079	49.21912	576.636363636	230.0	6.04768817731	0.968364809277
CS.080	46.68489	562.387096774	253.0	6.1549317024	0.971206865879
CS.082	89.14972	719.0	410.0	7.08168303188	0.980971155042
CS.083	85.0162	718.1	359.0	6.79468406916	0.980766035725
CS.084	84.86866	616.188679245	364.0	7.15972677409	0.985506861372
CS.085	80.66386	677.960784314	376.0	7.1406687311	0.98487277703
CS.086	76.85528	752.487179487	344.0	6.6584794928	0.974132537999
CS.087	50.38845	781.75	295.0	5.78199966618	0.947000173546
CS.088	40.29899	544.913043478	224.0	5.70294605883	0.957408127994
CS.089	72.38146	682.25	344.0	6.71164989021	0.972422339366
CS.090	64.39354	588.7	269.0	6.19194840888	0.968751531046
CS.091	55.72078	684.24	255.0	6.066246071	0.972315642482
CS.092	84.14307	598.659574468	348.0	6.99543580558	0.983021041714
CS.093	77.93923	608.101694915	353.0	6.83245033616	0.97778766841
CS.094	49.85586	923.689655172	298.0	5.56849439107	0.931827876586
CS.095	76.91726	667.58490566	367.0	6.96684921757	0.982249340167
CS.096	60.94901	746.1	306.0	6.63914934606	0.979785730881
CS.097	51.47612	638.375	275.0	6.10727980899	0.962795231912
CS.098	78.16861	582.767857143	347.0	6.95380003971	0.984374132407
CS.099	67.16284	808.386363636	347.0	6.18040036375	0.9539755368
CS.101	74.43904	775.0	340.0	6.82961558164	0.979415993515
CS.102	61.5183	611.025641026	293.0	5.98872406084	0.951602510991
CS.103	70.81369	545.630434783	328.0	6.92782641686	0.982591205694
CS.104	66.29261	659.7	309.0	6.42033473396	0.970498311467
CS.105	69.69049	700.127659574	338.0	6.35411311319	0.961236586405
CS.106	71.28009	559.5	324.0	6.50326337233	0.973281575909
CS.108	59.3289	433.8	256.0	5.54618793642	0.925806688327
CS.109	79.99957	707.0	353.0	6.75144264951	0.969713544995
CS.110	51.46509	583.4	248.0	5.88367919275	0.961447802687
CS.111	67.50173	446.322033898	302.0	6.40996005566	0.971529569517
CS.112	52.42753	423.823529412	241.0	5.87623492148	0.956752704276
CS.113	52.11911	711.1	271.0	5.87817746828	0.959037759592
CS.114	67.85349	598.848484848	304.0	6.84057075153	0.982538075001
CS.115	44.6346	385.681818182	187.0	5.64237523597	0.963870910706
CS.117	61.416	617.6	281.0	6.28119277593	0.974535373175
CS.118	58.82064	683.090909091	283.0	5.9547534053	0.959999338044
CS.119	62.82572	931.333333333	328.0	6.79135115495	0.982570301815
CS.120	68.49063	511.341463415	294.0	6.44162466059	0.971563973819
CS.122	66.96008	592.7	302.0	6.40043786684	0.97152390805
CS.123	54.71033	585.78125	255.0	5.83688885661	0.965293245499
CS.124	42.11023	580.6875	206.0	6.0125482957	0.975044905235
CS.130	70.72828	727.306122449	357.0	6.83321308027	0.980713340529
CS.131	78.72743	671.375	365.0	7.20669344158	0.987224898959
CS.132	68.6021	529.166666667	317.0	6.86970981644	0.982049011323
CS.133	55.00825	694.794117647	292.0	6.39043592118	0.976795605134
CS.135	55.67258	522.096774194	264.0	6.3986005007	0.97596424043
CS.136	64.14091	552.825	299.0	6.56178134304	0.977852993033
CS.143	67.21222	576.972972973	314.0	6.6797843935	0.974841527908
CS.153	75.75788	749.317073171	352.0	6.86003894222	0.982335133172
CS.154	30.01407	460.0	156.0	4.85330479262	0.935241741389
CS.156	37.6198	557.0	217.0	5.21406883378	0.941839963819
CS.157	36.06099	317.607142857	184.0	5.17864069534	0.925762267583
CS.158	52.29032	487.75	237.0	6.1880105362	0.974004937235
CS.160	60.6233	770.214285714	287.0	6.06419758257	0.962616242445
CS.161	48.61543	484.303030303	238.0	5.83257989884	0.963981962565
CS.163	48.48348	482.724137931	224.0	5.61125977418	0.957438177321
CS.164	34.23974	265.1875	127.0	4.474847785	0.918791259304
CS.165	47.92018	880.625	275.0	6.05074099901	0.969080767146
CS.167	49.24311	864.4	283.0	5.91168817913	0.95583162709
CS.168	83.2223	673.181818182	377.0	7.01596043281	0.978949575706
CS.169	71.9109	735.833333333	371.0	6.55083725763	0.961594129842
CS.170	61.99719	798.75	312.0	6.35605460525	0.968420552956
CS.171	62.12473	644.375	302.0	6.02866622131	0.944641083657
CS.172	57.76873	817.214285714	292.0	6.16415533253	0.967703288594
CS.173	60.06335	607.153846154	309.0	6.40411341895	0.969814580412
CS.175	42.18952	530.0	224.0	5.07261198397	0.934115109389
CS.176	71.62528	995.12195122	375.0	6.50851256646	0.964899555771
CS.199	53.85998	394.888888889	226.0	6.19163763512	0.97339045028
CS.200	97.41359	678.378378378	428.0	7.55706294043	0.989341852245
CS.217	73.89318	626.8	337.0	6.76226083092	0.975092809958
CS.218	78.75937	723.56	372.0	6.99539148443	0.982450104509
CS.219	71.51617	504.9375	308.0	6.37588193349	0.967133222383
CS.220	53.01034	653.363636364	287.0	6.04987877662	0.953388921684
CS.227	37.19008	544.565217391	213.0	5.53732353545	0.953009167875
CS.228	56.21136	460.108108108	254.0	6.01750865849	0.96295157551
CS.229	58.99669	688.53125	296.0	6.37016343859	0.972945371848
CS.231	64.60077	586.219512195	310.0	6.76500753476	0.982818099885
CS.232	87.36415	833.12244898	398.0	7.12496767232	0.984138528267
CS.233	64.39509	465.069767442	264.0	6.00055573421	0.962936333098
CS.235	72.17029	688.023255814	350.0	6.9187449813	0.979811425233
CS.236	46.20137	433.166666667	210.0	5.55428021609	0.95268254476
CS.237	57.98729	597.757575758	277.0	5.98425714399	0.957877158788
CS.238	66.18718	604.0	310.0	6.78334257858	0.982936990699
CS.239	74.56262	813.97826087	390.0	7.22355212294	0.986971003924
CS.240	54.88484	785.0	284.0	6.1058006168	0.962982495832
CS.241	75.66734	726.2	368.0	6.85324627946	0.981113127223
CS.247	65.83724	745.037037037	303.0	6.76967007746	0.982893876448
CS.248	72.61941	781.153846154	340.0	6.86956514619	0.98420907886
CS.249	54.11311	731.676470588	289.0	6.11249114511	0.968739337116
CS.251	61.96795	787.666666667	321.0	6.2482421882	0.96054240341
CS.284	54.75029	550.153846154	275.0	6.1341504742	0.970258787849
CS.285	38.21263	564.869565217	217.0	5.70768438952	0.966143772092
CS.286	51.23881	505.25	254.0	6.00909561471	0.96758439778
CS.292	64.59762	598.068181818	298.0	6.23962856774	0.966922441599
CS.298	69.94324	704.857142857	334.0	6.55684817846	0.971578780733
CS.308.0	46.10123	522.451612903	235.0	5.26081522864	0.933720548666
CS.311	57.14124	699.871794872	305.0	6.28005565622	0.971325756693
CS.312	59.46178	636.0	295.0	6.53162721789	0.977827298681
CS.345.0	37.63155	386.217391304	171.0	4.81918383044	0.923613087483
CS.346	39.3207	472.666666667	209.0	5.35391085463	0.943672537245
CS.347.0	43.29714	470.034482759	232.0	6.06462280369	0.969047669337
L.011.M1	57.58105	829.125	303.0	6.31546578459	0.973151797657
CS.138	71.27388	1343.91525424	495.0	7.18244327117	0.981380958177
CS.139	40.90648	897.333333333	362.0	6.48406636452	0.971459889919
CS.140	72.51383	1027.33333333	437.0	7.08794399995	0.98119674274
CS.141	78.38608	1291.82894737	538.0	7.4477539237	0.984917197774
CS.142	57.14334	833.489795918	364.0	6.70211974992	0.978850282279
CS.151	74.079	878.75	407.0	7.08866678888	0.983349842317
CS.155	67.7537	843.1	408.0	7.22611250408	0.987524956728
CS.159	76.40905	1157.69230769	486.0	7.26327329618	0.983364649232
CS.174	83.72935	1166.15909091	538.0	7.34763833983	0.981812971685
CS.188	59.07432	1038.67164179	464.0	6.99794933946	0.97794009253
CS.190	73.80201	843.045454545	430.0	7.18507954733	0.98332850294
CS.191	74.677	1144.9	440.0	7.05419639048	0.979959494379
CS.193	56.84128	966.52173913	384.0	6.8345502849	0.980307892369
CS.194	40.20467	712.2	330.0	6.10918845056	0.964248487027
CS.196	52.02584	610.264150943	323.0	6.0969990914	0.957304044095
CS.198	61.44463	1074.05882353	424.0	6.88004453909	0.975555743787
CS.203	59.31398	919.344262295	405.0	6.38679076113	0.962855330565
CS.205	50.88079	888.0	402.0	6.5871287965	0.971146767226
CS.213	43.6912	709.818181818	323.0	6.32848837632	0.970762222945
CS.222	41.81715	487.775	265.0	6.02613981636	0.9668876018
CS.224	34.16981	560.84375	248.0	5.35862250666	0.923013407443
CS.230	42.67571	561.027027027	271.0	5.86024907839	0.947471381827
CS.259	67.26999	1096.18181818	431.0	6.84496970515	0.975942465556
CS.260	59.33226	720.333333333	338.0	6.4665581437	0.972846078421
CS.269	35.64252	530.875	244.0	5.63820648881	0.953633235775
CS.274	52.58266	803.725806452	390.0	6.69418497968	0.973216686783
CS.275	59.25823	778.178571429	375.0	6.77839217977	0.980095369595
CS.282	51.91179	1016.15789474	353.0	6.38992314933	0.972062182944
CS.283	48.87689	566.275862069	259.0	6.08225749899	0.967390165901
CS.290	49.11392	675.0	334.0	6.25015827634	0.95688030504
CS.293	70.45321	1065.35	442.0	6.91126224323	0.97709435641
CS.294	26.24504	420.476190476	180.0	4.6084733096	0.908648087328
CS.295	60.26104	823.610169492	385.0	6.52059363954	0.969244078704
CS.296	75.7059	1219.23809524	493.0	7.25488836903	0.983416473433
CS.297	67.1433	1048.953125	443.0	6.77684726875	0.975110229858
CS.300	64.17626	949.346938776	393.0	6.91102471448	0.983145593996
CS.301	68.72994	923.15625	429.0	7.04717846796	0.981761582981
CS.302	37.88055	655.59375	268.0	5.84781774126	0.959819042084
CS.305	77.52314	1076.62295082	459.0	7.06400878246	0.977686197495
CS.318	51.06444	945.837209302	365.0	6.64404594304	0.975062760632
CS.319	53.9492	753.385964912	361.0	6.3871986511	0.967597462705
CS.321	59.33279	1066.12244898	400.0	6.50523760779	0.971733817839
CS.322	49.82949	778.019230769	356.0	6.5752519076	0.977547273797
CS.325	33.53254	593.5625	249.0	5.50557691382	0.947953477545
CS.328	27.89994	401.033333333	212.0	5.27581130893	0.940935435538
CS.332	60.84931	880.016666667	406.0	6.79276784182	0.978838523846
CS.333	58.06237	1178.51219512	401.0	6.93887112314	0.982872101574
CS.334	46.2462	583.0	303.0	6.41928034707	0.974082891285
CS.335	33.76463	576.27027027	262.0	5.69736265406	0.956336804176
CS.339	42.78467	1062.26086957	298.0	5.93989961751	0.955460147734
CS.341	52.44954	789.288461538	351.0	6.25779382049	0.963905750505
CS.343	44.51465	705.75	342.0	6.32668288632	0.966822277177
CS.350	68.56678	1030.01587302	445.0	6.88146016249	0.977190165857
CS.351	62.61646	1065.88888889	423.0	7.01612043541	0.983003186317
CS.356	35.34788	606.034482759	251.0	5.96774327889	0.970047136071
CS.357	64.97559	1038.96875	446.0	6.73440810114	0.973225396733
CS.358	36.71331	589.146341463	275.0	5.4880058848	0.937236755378
CS.360	60.72465	880.1	414.0	7.09051462288	0.984522201553
CS.362	48.93569	830.75	347.0	6.17093129326	0.957857561401
CS.365	65.80775	968.358490566	409.0	6.77474477719	0.973772817074
CS.366	41.97411	784.2	321.0	6.0310979711	0.957813140658
CS.379	42.82399	716.063829787	330.0	6.21095044331	0.967499911267
CS.380	73.08874	1110.59649123	464.0	7.29262079238	0.984911100809
CS.382	61.95589	1238.0	422.0	7.23800514428	0.987131702497
CS.388	41.60466	649.9	295.0	6.18997178471	0.971357983507
IMP000.L.T02	67.22294	888.776119403	439.0	7.22029166813	0.985317855462
IMP000.L.T03	59.98841	974.045454545	436.0	7.05052561417	0.982627351986
IMP000.L.T04	56.72976	792.895833333	353.0	6.79753298812	0.982494089755
IMP000.L.T05	61.29777	884.0	406.0	7.01110127493	0.983712176227
IMP000.L.T06	67.90703	889.4	422.0	7.07435389872	0.984145496227
IMP000.L.T09	56.35306	824.943661972	421.0	6.97534812832	0.980043545394
IMP000.L.T10	64.31677	966.234375	432.0	7.03556143639	0.981840408026
IMP000.L.T17	55.80645	682.5	350.0	6.7153976337	0.980313118338
IMP000.L.T18	69.08972	924.702702703	452.0	7.16697535268	0.984429876086
IMP000.L.T19	59.63514	824.017857143	382.0	6.80105859046	0.980741212368
IMP000.L.T20	63.19189	881.4	426.0	7.05183440675	0.9836995468
IMP000.L.T27	59.64708	1066.23076923	461.0	6.9099629522	0.976759458842
IMP000.L.T28	64.85492	1020.640625	449.0	7.11656496496	0.983395134056
IMP000.L.T29	67.84601	1094.51612903	460.0	7.14237534812	0.98351402487
IMP000.L.T30	62.06793	1035.65822785	483.0	7.1225187251	0.98118454881
IMP000.L.T36	60.23672	760.25	391.0	6.86964916234	0.979978656268
IMP000.L.T37	60.36657	892.552238806	428.0	7.04420485727	0.982331213694
IMP000.L.T38	58.62236	1084.50909091	434.0	6.95557043867	0.980422863705
IMP000.L.T39	61.94935	1042.67924528	422.0	7.04705006582	0.984308807784
IMP000.L.T40	65.52595	1259.45454545	471.0	7.14253835256	0.982347762599
KL02	62.2395	754.333333333	386.0	6.80213600597	0.980812633956
L.004.M2	84.99685	1181.83823529	509.0	7.14317358424	0.973106941416
L.004.M3	84.67844	960.285714286	506.0	7.54498279947	0.983787952789
L.004.M4	87.11617	1155.44444444	541.0	7.49257287148	0.982941345674
L.004.M5	78.50348	1039.88	485.0	7.10954522507	0.979198244771
L.004.M6	80.54681	1035.640625	464.0	7.05524856298	0.977043838701
L.005.M2	82.38312	1060.01428571	494.0	7.31800868035	0.97982579665
L.005.M3	81.64309	1035.0	485.0	7.22844124174	0.977160552028
L.005.M4	80.71608	1053.28767123	495.0	7.30341213413	0.979832329112
L.005.M5	71.64723	1392.84210526	503.0	7.02550069755	0.971822659326
L.005.M6	73.06861	1083.55223881	471.0	6.91618658277	0.97382202829
L.006.M2	75.0297	757.888888889	411.0	6.78592043633	0.974796671667
L.006.M3	80.22862	1054.7037037	501.0	7.28573158716	0.983317615503
L.006.M4	71.96714	943.161290323	429.0	6.87567317845	0.97802501454
L.006.M5	85.38944	1100.81707317	528.0	7.62317573464	0.987924743421
L.006.M6	100.26519	994.583333333	506.0	7.56429350118	0.987925178919
L.007.M2	84.25649	1128.265625	487.0	7.27814970688	0.98258336674
L.007.M4	90.78779	1104.0	514.0	7.34206451464	0.980084917655
L.007.M5	88.33722	748.846153846	424.0	7.20744325195	0.980985090961
L.007.M6	92.50758	934.279069767	493.0	7.25463735277	0.979953397414
L.008.M2	49.05894	667.9	313.0	6.20987198264	0.960772781581
L.008.M3	32.21337	504.957446809	264.0	5.01904182857	0.89897307515
L.008.M4	59.85138	931.185714286	439.0	6.98603576416	0.980971590539
L.008.M5	62.26563	928.875	421.0	7.11518662221	0.9830754789
L.008.M6	57.81035	941.385964912	417.0	6.91018282669	0.980445074077
L.012.M2	79.61999	1087.3125	477.0	7.35820248444	0.986058201191
L.012.M3	81.62526	811.5	410.0	7.12212475022	0.983042381091
L.012.M4	72.74502	755.411764706	373.0	6.7342284767	0.973681798099
L.012.M5	74.55954	913.362068966	423.0	7.01563812767	0.980746438338
L.012.M6	73.00291	864.057692308	405.0	7.18949430185	0.985337017352
L.025.M2	61.54659	967.333333333	437.0	7.01138270186	0.980919766338
L.025.M3	66.60749	1048.0	473.0	7.2499010917	0.981887006257
L.025.M4	67.35243	992.270588235	489.0	7.18015897364	0.983100302257
L.025.M5	63.86828	919.781818182	407.0	7.01194373706	0.984074510136
L.025.M6	62.62247	1130.11864407	449.0	6.9104060676	0.978484028892
T.CS.003	71.68788	1045.52941176	467.0	7.03553985188	0.977866928952
T.CS.004	69.63832	1299.5	497.0	7.23067328989	0.984696836045
T.CS.007	48.22489	745.765957447	335.0	6.23828935331	0.967427618684
T.CS.008	57.31252	887.5	436.0	6.58064120084	0.956473114889
T.CS.009	73.42513	868.119402985	422.0	6.67625687938	0.964935702062
T.CS.013	63.50537	832.891891892	419.0	6.53897591358	0.965800164575
T.CS.014	67.02432	855.022222222	372.0	6.6680817653	0.97373536429
T.CS.018	69.34772	1063.33333333	445.0	7.11260906925	0.981984122197
T.CS.020	80.23638	974.651162791	399.0	7.21685119092	0.986980149371
T.CS.023	40.38898	499.666666667	268.0	6.13024106614	0.972092667768
T.CS.030	56.27266	926.448979592	389.0	6.64157527553	0.973136555245
T.CS.042	85.55983	1109.50704225	507.0	7.39830215795	0.983956490317
T.CS.043	62.43045	1125.4	417.0	6.89697890561	0.97904407866
T.CS.045	65.05925	893.169491525	403.0	6.35761728919	0.947492721204
T.CS.047	64.4611	705.653846154	364.0	6.99489791594	0.984605817071
T.CS.049	50.15581	862.62	372.0	6.56196279248	0.974686055305
T.CS.051	63.48419	866.25	408.0	6.91197165377	0.980074465715
T.CS.061	64.21836	1020.47169811	419.0	6.95588355221	0.982369101976
T.CS.065	69.83447	1084.08219178	486.0	7.16622508323	0.979665969072
T.CS.067	58.81348	1082.875	415.0	6.37526497002	0.963068724334
T.CS.069	75.43499	1044.0	482.0	7.25459416347	0.982750597775
T.CS.070	73.61552	1060.52941176	482.0	7.25165682823	0.979446042841
T.CS.071	75.36113	1266.04761905	491.0	6.97095459806	0.97511153635
T.CS.073	76.42631	987.961538462	480.0	7.16839375374	0.982532849031
T.CS.081	68.21502	1204.44444444	483.0	7.02137456478	0.976657987928
T.CS.084	57.43463	1027.37288136	430.0	6.85528135977	0.975493903144
T.CS.087	50.98657	1221.14285714	424.0	6.5777944718	0.972139701497
T.CS.088	52.48911	808.12244898	373.0	6.81717715403	0.979717793273
T.CS.089	70.10242	889.05	419.0	6.78507802949	0.970583233477
T.CS.090	56.68666	894.625	391.0	6.44138564896	0.965818890966
T.CS.092	87.55825	790.051724138	426.0	7.29315841023	0.976431529234
T.CS.093	81.24213	860.138888889	445.0	6.85788749787	0.967898391468
T.CS.094	64.5659	1055.56716418	460.0	6.79755432278	0.972130991547
T.CS.095	81.92477	1068.01408451	494.0	7.4123257758	0.984782193553
T.CS.096	93.67235	1109.01351351	511.0	7.38443314202	0.98378446881
T.CS.097	79.35565	1027.38356164	473.0	6.90584544245	0.973073843607
T.CS.098	84.25026	984.278688525	445.0	7.09317344419	0.982979669453
T.CS.099	79.39265	1393.125	540.0	7.24191351379	0.979790085856
T.CS.100	87.11607	828.518518519	426.0	7.47301869175	0.988512665029
T.CS.133	90.65908	1127.31818182	488.0	7.3782600774	0.986811176346
T.CS.134	69.54457	928.512820513	456.0	6.67915939831	0.969938697196
T.CS.135	57.44768	731.403846154	341.0	6.36714816542	0.972151024432
T.CS.136	67.70984	1119.54237288	448.0	6.80211819676	0.975397658199
T.CS.137	89.03796	722.358490566	380.0	7.11028922173	0.98565275303
T.CS.138	84.50272	1099.18181818	473.0	7.11496915082	0.980847909253
T.CS.139	82.92212	1050.20547945	488.0	7.27250025817	0.98383977699
T.CS.140	72.63177	1214.04761905	483.0	7.07925164568	0.97983102262
T.CS.141	57.93121	978.701754386	415.0	6.85157191148	0.979743487625
T.CS.142	61.04052	1043.50847458	428.0	6.72773244955	0.977238506078
T.CS.143	66.36533	1114.9516129	453.0	6.89888510873	0.97391043428
T.CS.144	74.32503	977.3	446.0	7.07943433156	0.978432640188
T.CS.146	68.29111	1065.62295082	448.0	7.14462182843	0.984237821694
T.CS.147	89.123	1253.72727273	553.0	7.66722871465	0.988291432306
T.CS.148	83.61153	1103.2027027	489.0	6.8477041463	0.96519438757
T.CS.149	63.86868	687.7	269.0	4.97386934098	0.8605225665
T.CS.150	89.28978	1207.22105263	568.0	7.54057804919	0.982609932086
T.CS.151	68.85297	1059.6557377	451.0	6.86014303146	0.976006919184
BLANK.A01.049	63.70612	1144.15384615	273.0	6.79223048504	0.985220739523
BLANK.B01.049	64.42452	716.323529412	328.0	6.8965852091	0.98179816477
BLANK.E04.050	41.42229	357.875	191.0	5.16942344306	0.932144918757
BLANK.G12.048	77.52488	946.692307692	400.0	7.17897962565	0.983449135744
BLANK.H12.048	66.96951	870.52	371.0	6.21802070088	0.958395836296
CS.116	55.35189	872.5	364.0	6.50591275115	0.974236621898
CS.125	51.33107	765.220338983	368.0	6.42363013852	0.964026818806
CS.126	72.30157	1211.87301587	476.0	7.0231210093	0.978482286902
CS.127	62.95792	1080.48214286	432.0	6.97132601311	0.982353424066
CS.128	70.82491	1293.68421053	475.0	7.10430674274	0.979665969072
CS.129	56.6716	935.459459459	348.0	6.71868482096	0.981093965333
CS.145	76.54653	1125.64179104	474.0	7.01539840853	0.978578531847
CS.146	58.5926	926.269230769	393.0	6.56282346428	0.967127996413
CS.147	58.42932	847.230769231	406.0	6.74398006229	0.977459303304
CS.148	47.5661	486.766666667	303.0	6.14357379957	0.970204786161
CS.149	61.41136	789.85	381.0	6.62464378968	0.977054290641
CS.150	66.94112	824.529411765	365.0	6.447622457	0.972313900492
CS.152	87.54165	1207.08196721	501.0	7.57518731551	0.989029600546
CS.166	66.26063	928.5	376.0	6.78491363107	0.979089805897
CS.177	47.46495	668.033898305	354.0	6.15596419519	0.956793205542
CS.178	67.57516	702.666666667	358.0	6.77081022645	0.977249829013
CS.181	64.41238	881.038461538	379.0	6.60629832305	0.973310318743
CS.182	78.28983	838.180722892	448.0	7.10242456785	0.983314567021
CS.183	49.17559	583.914893617	303.0	5.98932294483	0.956720477462
CS.184	43.39566	522.083333333	283.0	5.84644772392	0.958495129723
CS.186	84.44578	925.430769231	435.0	7.02103401701	0.98178422885
CS.187	60.15305	960.222222222	375.0	6.40752613733	0.965895974022
CS.189	53.15177	700.923076923	297.0	6.12030120477	0.967521686142
CS.195	53.10321	702.204081633	328.0	6.32647471534	0.972749397979
CS.202	50.96405	914.645833333	366.0	6.07334563574	0.954360952076
CS.204	49.37056	714.534883721	323.0	6.20250899454	0.967708079066
CS.206	65.20165	975.229508197	419.0	6.72331453782	0.971506052653
CS.207	46.48063	583.27027027	269.0	5.94464040511	0.962924139168
CS.208	79.79073	884.042553191	390.0	6.87980673147	0.979848007022
CS.210	54.70074	663.066666667	313.0	6.39365892274	0.973059907688
CS.212	51.51703	783.568965517	372.0	6.52368319866	0.972152330924
CS.214	57.23535	744.666666667	346.0	6.29829327614	0.97100392405
CS.215	57.1173	914.163934426	408.0	6.66836423313	0.974812349576
CS.216	73.38104	962.333333333	425.0	7.10678406784	0.983599817875
CS.223	61.99983	848.0	386.0	6.74119286332	0.98001654455
CS.234	37.48329	452.083333333	258.0	5.59677968789	0.941445838593
CS.242	73.69293	1106.54237288	435.0	6.62854487692	0.96826377386
CS.243	59.8319	635.375	338.0	6.42809629799	0.96690327971
CS.244	63.61954	489.161290323	274.0	6.76268413751	0.983052833031
CS.245	54.19798	903.20754717	380.0	6.39147229151	0.969663898282
CS.246	72.58829	1082.61111111	425.0	6.81818603639	0.977180149415
CS.252	72.24791	721.487179487	340.0	6.89544128787	0.980990316931
CS.253	35.3477	452.0	193.0	5.19197465655	0.944494756501
CS.254	62.16516	754.75	389.0	6.85870674223	0.977434915445
CS.255	63.33195	817.3	386.0	6.79222140496	0.980752535303
CS.256	57.61418	716.631578947	364.0	6.57085381868	0.974419530843
CS.257	71.43757	1174.38181818	454.0	6.94926444886	0.978245376269
CS.258	89.0996	819.108108108	457.0	7.54030818897	0.989421112788
CS.261	84.7791	1096.51923077	454.0	7.38640745197	0.987430453773
CS.262	54.74726	845.833333333	404.0	6.64796585148	0.975349753476
CS.263	67.48583	864.714285714	355.0	6.24074837262	0.965915571409
CS.264	50.00241	428.5	240.0	5.26145135452	0.934977829912
CS.265	97.47906	820.391891892	452.0	7.12389616961	0.974288446099
CS.267	44.56746	783.87804878	313.0	5.91192318827	0.960504950627
CS.268	59.68666	596.083333333	298.0	6.55616118203	0.977718859807
CS.270	55.99204	780.738095238	335.0	6.42339109332	0.97373710628
CS.272	60.36719	1113.28301887	423.0	6.54070332185	0.962584886626
CS.276	58.3787	1130.38297872	414.0	6.87821417557	0.98009972457
CS.277	69.93513	1059.56	422.0	6.99826226099	0.981864795886
CS.278	57.50606	857.05	387.0	6.4998865416	0.971632782422
CS.280	83.39063	1210.08064516	477.0	7.04841912914	0.979812731725
CS.281	69.33108	1073.68292683	380.0	6.53564019851	0.968237208513
CS.287	59.87732	796.4	338.0	6.69591888841	0.980349700127
CS.288	64.75401	954.773584906	400.0	6.83536370908	0.979098515846
CS.303	62.60025	927.117647059	388.0	6.62318389148	0.97433156035
CS.304	50.77043	666.95	295.0	6.06768128883	0.9621907614
CS.306	69.28635	1010.5	413.0	7.21745012924	0.986856032587
CS.307	64.86388	998.622222222	398.0	6.86263309133	0.979438639384
CS.309	75.61827	953.015151515	431.0	6.75815292526	0.975054921677
CS.313	79.00583	925.982142857	435.0	7.31479954166	0.986734528788
CS.314	66.81832	885.0	375.0	6.88235303534	0.979356330359
CS.316	59.16473	997.666666667	434.0	6.74119088026	0.97648770841
CS.320	58.78536	1218.48648649	384.0	6.76643098394	0.981705839303
CS.323	72.60433	997.172413793	430.0	7.1232104629	0.985316984467
CS.326	56.58978	797.32	350.0	6.40306491496	0.973306834763
CS.327	56.35991	1193.625	403.0	6.35263509688	0.967896213981
CS.329	50.81132	727.238095238	322.0	6.45974484397	0.976159778802
CS.330	57.16872	860.245283019	389.0	6.71392196499	0.973972710421
CS.331	69.81227	900.166666667	402.0	6.84844477802	0.980614047102
CS.336	62.30037	949.9	364.0	6.8173638144	0.982815922398
CS.337	45.39719	777.609756098	321.0	5.96365726712	0.95815761917
CS.338	59.59067	761.9	341.0	6.63836859261	0.977309056671
CS.344	58.05361	680.066666667	330.0	6.69202016193	0.980489494821
CS.348	64.66566	918.294117647	333.0	6.50149004386	0.97650164433
CS.349	74.49299	795.6	429.0	7.02620693026	0.980594885213
CS.354	60.82721	1116.7755102	419.0	6.82118206902	0.974552793074
CS.359	38.89341	629.75	313.0	6.1070300499	0.968807274724
CS.361	48.34804	846.65	329.0	6.0839114268	0.959404448476
CS.363	57.88742	679.428571429	352.0	6.70540903014	0.978099920108
CS.364	43.52221	580.181818182	319.0	6.22348126099	0.969224481317
CS.367	35.51786	519.029411765	241.0	5.76612704329	0.963685824274
CS.368	79.21084	1118.78846154	441.0	7.18501345283	0.984324485694
CS.369	48.5155	451.0	271.0	5.76314234833	0.957610198829
CS.370	66.09111	965.0	421.0	6.862358157	0.978998786922
CS.371.1	54.09516	958.701754386	395.0	6.39048846079	0.967608350142
CS.372	57.11989	722.566037736	362.0	6.75957425621	0.979794440831
CS.373	63.72245	956.784313725	385.0	6.37312539508	0.958786477542
CS.374	55.49643	923.660377358	378.0	6.69097223461	0.980555254941
CS.375	53.81888	1000.02040816	380.0	6.38446698704	0.97116331613
CS.376	55.0281	929.346938776	373.0	6.415152378	0.968378309699
CS.377	58.07419	711.72	345.0	6.72719928304	0.981058690037
CS.378	47.24715	569.085714286	279.0	6.46954394962	0.979322797052
CS.381	75.59578	1054.17021277	413.0	7.21553544724	0.987855499321
CS.385	65.50113	890.038461538	388.0	6.87889430286	0.982373892448
CS.386	41.30146	534.125	279.0	5.56718084205	0.937366533629
CS.387	64.93147	915.957746479	427.0	6.94966765719	0.982711838498
CS.389	53.36524	717.781818182	345.0	6.38418449585	0.97160360409
CS.390	56.30072	733.5	376.0	6.48283351825	0.970498311467
CS.391	67.56635	554.467532468	359.0	6.70026988265	0.977889574822
CS.393	55.79994	678.096774194	278.0	6.02509040176	0.963987188535
CS.395	68.90364	852.01754386	402.0	7.00537435368	0.984435537553
CS.500	60.64989	723.944444444	348.0	6.39029518089	0.971944163125
L.001.M0	63.02985	866.0	362.0	6.48777942633	0.972183251246
L.001.M3	61.75478	716.6	362.0	6.43383824834	0.96338489551
L.001.M4	44.68003	567.097560976	276.0	5.73027768969	0.952409923333
L.001.M5	66.50245	1144.8125	458.0	6.79957179132	0.974910772009
L.001.M6	56.5197	665.7	315.0	6.78298590184	0.982190112509
L.002.M0	52.06656	909.022222222	354.0	6.37619548349	0.97092945398
L.002.M2	63.28535	1061.375	374.0	6.09934544132	0.944613647315
L.002.M4	69.3131	711.818181818	395.0	6.95633040048	0.979791392349
L.002.M5	48.60217	511.108108108	263.0	5.90025817936	0.960852913119
L.002.M6.0	59.02863	755.518518519	353.0	6.3946177054	0.971234737718
L.003.M0	68.14886	1210.48717949	406.0	6.78418531857	0.975980353837
L.003.M2	57.25421	1097.66666667	386.0	6.61524010791	0.975979482842
L.003.M4	68.49642	1057.9375	425.0	7.09230576685	0.982356908046
L.003.M5	58.89208	1126.075	391.0	6.79477733922	0.97949307657
L.003.M6	57.14505	851.738095238	349.0	6.5686685091	0.976967191144
L.022.M2	96.1031	685.333333333	428.0	7.51783534142	0.989027423059
L.022.M3	60.05795	745.772727273	342.0	6.63445318584	0.976898382541
L.022.M4	84.84033	738.352941176	390.0	7.20186831542	0.985883131201
L.022.M5	85.56554	665.780821918	404.0	7.20224835309	0.986393534256
L.022.M6	81.73037	930.016129032	440.0	7.23397796915	0.985803870658
L.024.M2	67.53064	1190.23404255	429.0	6.90092740943	0.980147193796
L.024.M5	69.11791	1120.76666667	451.0	6.84464958824	0.976799524611
L.024.M6	64.32331	834.037735849	367.0	6.41670603882	0.970857596894
L.031.M0	73.5824	824.714285714	392.0	6.44039184008	0.967049171368
L.031.M1	85.97143	843.337837838	446.0	7.18369394995	0.982809389936
L.031.M2	82.73982	790.776119403	418.0	6.90008913283	0.973181411487
L.031.M3	90.79214	1202.42424242	500.0	7.30848755692	0.982697467081
L.031.M4	85.25247	943.338235294	452.0	7.06917302827	0.976178069697
L.031.M5	66.70802	1069.05882353	419.0	7.01793045973	0.982789792549
L.031.M6	65.99922	905.358490566	391.0	6.60637150928	0.971285255427
L.032.M0	58.28635	895.0	412.0	6.8475338247	0.9817929388
L.032.M1	68.98807	1140.8	452.0	6.96184150126	0.980721614981
L.032.M2	53.97824	939.909090909	392.0	6.49721581967	0.972181073758
L.032.M3	51.5421	928.837209302	348.0	5.97444760482	0.956105119512
L.032.M4	54.21696	409.20754717	251.0	4.74915442436	0.866403960066
L.032.M5	47.22863	718.06	328.0	6.21038926248	0.97091900204
L.032.M6	52.06266	919.166666667	356.0	6.34346156989	0.970008376794
L.033.M0	61.28377	952.3	445.0	7.0683534711	0.982809389936
L.033.M1	62.57073	1082.625	468.0	6.966635126	0.980184211082
L.033.M2	63.73658	1061.5	390.0	6.8968396863	0.982376940931
L.033.M3	54.49016	671.428571429	344.0	6.40428059611	0.970007505799
L.033.M4	66.34391	1097.14285714	410.0	6.67610343089	0.974969999667
L.033.M5	53.2587	1030.90243902	366.0	6.4779355337	0.974203959587
L.033.M6	56.61862	964.784313725	393.0	6.66258142479	0.975646762762
L.034.M0	66.59114	1062.51851852	439.0	7.19935207013	0.983664271503
L.034.M1	70.75508	1058.01587302	460.0	7.21846032357	0.984031395885
L.034.M2	74.25448	1048.0	478.0	7.16721217642	0.97975481056
L.034.M3	70.50686	868.353846154	416.0	6.86661241376	0.977632631304
L.034.M4	62.08238	855.75	372.0	6.5816799427	0.968265080353
L.034.M5	75.85088	956.916666667	434.0	7.11260970722	0.981223308087
L.034.M6	66.80428	784.170731707	360.0	6.93036209514	0.981047802599
L.035.M0	58.30206	1053.5	401.0	6.30640287637	0.959216313562
L.035.M1	55.71396	1107.38636364	400.0	6.85722159346	0.981181500328
L.035.M2	43.84507	864.0	348.0	5.97850244819	0.947733551314
L.035.M5.1	47.76699	952.486486486	348.0	6.29253553551	0.962428978525
L.035.M5	50.89044	816.815384615	401.0	6.51461321412	0.962650211249
L.035.M6	54.59765	950.136363636	362.0	6.07545143454	0.949448104922
L.036.M0	71.89131	1090.51923077	448.0	7.04960683057	0.974522743747
L.036.M1	71.89136	945.529411765	411.0	6.99718833886	0.97921914865
L.036.M2	66.66333	921.636363636	389.0	6.81236307779	0.975052744189
L.036.M3	67.61813	668.049180328	386.0	7.12480949218	0.983175643322
L.036.M4	56.83159	728.0	343.0	6.66280923153	0.974039341537
L.036.M5	72.64524	774.130434783	392.0	7.17255661472	0.984426392106
L.036.M6	64.93022	891.0	408.0	6.81363193691	0.975238701617
T.CS.001	51.28516	791.918367347	361.0	6.26814834108	0.959664440476
T.CS.002	53.38731	703.294117647	340.0	6.36827751971	0.96996395605
T.CS.005	67.11288	916.882352941	396.0	6.88105248884	0.98118803279
T.CS.011	64.28859	978.777777778	407.0	6.80848038306	0.978953495183
T.CS.012	50.08713	839.019230769	363.0	6.65453843847	0.980076207705
T.CS.016	64.4371	1012.55813953	384.0	6.9380758968	0.984133737794
T.CS.017	77.76074	1082.05882353	432.0	6.93640192192	0.976303057475
T.CS.019	51.89856	844.0	329.0	6.03312979281	0.962033982304
T.CS.021	75.70037	1127.14634146	410.0	7.04016082832	0.982973136991
T.CS.022	72.2385	969.081967213	434.0	7.12033643207	0.98170104883
T.CS.024	65.71117	1028.5	406.0	6.75847969423	0.976613567184
T.CS.025	66.86535	1078.41176471	408.0	6.7995361445	0.98035971657
T.CS.026	47.56452	644.87755102	327.0	6.29978642405	0.972353966261
T.CS.027	73.39757	1130.5	433.0	6.69993661732	0.973876465476
T.CS.028	75.67955	1309.42857143	487.0	7.08161433161	0.977649180209
T.CS.029	80.9126	789.4	412.0	6.94437874091	0.976970239626
T.CS.031	69.59732	1055.25	450.0	7.10036882505	0.982170950619
T.CS.032	65.29964	992.172413793	425.0	6.90750227824	0.979430800429
T.CS.033	73.23332	1056.05882353	431.0	7.15311183848	0.984368906438
T.CS.034	72.15467	902.789473684	446.0	6.75874115741	0.972982824632
T.CS.035	76.21983	1083.65454545	438.0	7.05710720871	0.981128805132
T.CS.036	73.66872	728.75	384.0	6.98749520503	0.980229067323
T.CS.037	57.40469	803.0	365.0	6.31857588116	0.968994103146
T.CS.038	89.12644	689.542372881	382.0	7.04704559662	0.983397311543
T.CS.039	73.77775	761.766666667	389.0	6.67514597466	0.970255303869
T.CS.040	82.47706	1217.30434783	496.0	7.10084344328	0.98060577265
T.CS.041	72.69004	1195.2	449.0	6.88680315381	0.974470048551
T.CS.044	75.6404	995.03125	436.0	6.90435884814	0.979992592188
T.CS.046	61.19318	896.6875	381.0	6.59680931078	0.973229751708
T.CS.048	60.09315	1007.0	378.0	7.03084269579	0.985694125291
T.CS.050	64.39068	879.222222222	383.0	6.47567975545	0.968356099327
T.CS.052	61.68187	710.631578947	358.0	6.74864951566	0.98111878869
T.CS.053	62.29237	579.886363636	298.0	6.15528536862	0.965620304112
T.CS.054	50.38762	579.8	290.0	5.92771706876	0.959651375551
T.CS.055	68.59212	1196.28571429	433.0	6.76564831284	0.975867559988
T.CS.056	54.67527	866.294117647	327.0	6.30850200919	0.966642852212
T.CS.057	48.4391	795.558139535	342.0	6.58019024863	0.978455721555
T.CS.058	66.55328	897.37254902	381.0	6.65214767477	0.976433706722
T.CS.059	69.90013	526.411764706	316.0	6.58201432311	0.977206714762
T.CS.062	71.71145	1043.19565217	404.0	6.73537592434	0.969595525176
T.CS.063	78.0665	1596.85714286	489.0	6.9489887811	0.975252637536
T.CS.064	78.30626	1207.17808219	508.0	7.17147354262	0.977475852209
T.CS.066	82.80711	1037.33333333	448.0	7.01610680501	0.979691227927
T.CS.068	63.35441	905.277777778	383.0	6.4284621311	0.96518045165
T.CS.072	85.50214	843.153846154	438.0	7.24228384431	0.983714353714
T.CS.074	76.74348	1026.61538462	447.0	6.89393829526	0.976549984551
T.CS.075	72.62168	989.873015873	443.0	6.91728221087	0.973410918662
T.CS.076	76.56586	892.720588235	435.0	7.24970832703	0.987209656547
T.CS.077	71.63477	1264.45454545	449.0	6.56570639997	0.962111500857
T.CS.078	58.81424	907.875	354.0	6.41514570607	0.961217860013
T.CS.079	53.03933	636.966666667	344.0	6.60273114939	0.978379509495
T.CS.080	61.42408	798.571428571	395.0	6.7836253576	0.977380042761
T.CS.082	68.62443	973.185185185	406.0	6.64423600989	0.971670235206
T.CS.085	67.32207	1189.93617021	423.0	6.75640819582	0.974365964652
T.CS.086	79.5833	1104.51470588	484.0	7.28147354521	0.984175545553
T.CS.091	85.16412	1180.25	494.0	7.30643276004	0.984324921191
T.CS.101	65.82421	958.430379747	464.0	7.06241345906	0.981137950579
T.CS.102	79.21437	1029.43589744	481.0	6.92900697563	0.975910674239
T.CS.103	87.75649	1090.09677419	478.0	7.36847620234	0.985906648065
T.CS.104	88.68259	1167.47457627	467.0	6.90910636658	0.974018873155
T.CS.105	90.85852	720.303571429	386.0	7.05814609918	0.983396876046
T.CS.106	83.0265	801.554054054	430.0	6.87441342946	0.974452193154
T.CS.107	72.61591	1235.55223881	488.0	6.97809999867	0.978147824832
T.CS.108	89.05924	970.538461538	419.0	7.15242853132	0.985449375703
T.CS.109	84.20443	1256.125	487.0	7.446466494	0.9877030752
T.CS.110	84.52998	1048.01587302	450.0	7.00845971088	0.979095902861
T.CS.111	64.07223	1353.78181818	466.0	6.74258506348	0.974117731084
T.CS.112	63.0913	1166.23404255	405.0	6.46998238807	0.970981713678
T.CS.114	84.63574	712.080645161	407.0	6.91773303372	0.968194965257
T.CS.115	92.23456	870.467741935	427.0	7.149093667	0.984338421613
T.CS.116	65.95387	635.9375	296.0	6.41060627964	0.969754917257
T.CS.117	62.96756	1080.01886792	410.0	6.52233215633	0.971533053497
T.CS.118	71.5671	1012.68181818	446.0	7.07536981456	0.9835954629
T.CS.119	93.59639	864.126760563	450.0	7.2913131846	0.985620961713
T.CS.120	73.60569	1351.02040816	460.0	7.04286832258	0.981471106157
T.CS.121	77.30013	1093.88888889	451.0	7.26419737759	0.986044700769
T.CS.122	76.49354	1227.68493151	502.0	6.96681409584	0.977097404892
T.CS.123	67.52862	1208.12244898	428.0	6.78750719617	0.977747602641
T.CS.124	83.22163	896.25	408.0	7.08558195097	0.979719099766
T.CS.125	69.24193	1161.109375	465.0	6.79783827372	0.974414304873
T.CS.126	79.04796	1036.37333333	466.0	6.9746163331	0.980267391102
T.CS.127	73.26572	1209.36986301	497.0	7.00561187083	0.978652566419
T.CS.128	86.10473	1189.06976744	430.0	7.01123743532	0.977528982902
T.CS.129	84.34811	848.0	410.0	6.95106771073	0.977169261978
T.CS.130	78.76038	1044.78846154	422.0	7.04628516855	0.983254903865
T.CS.131	81.53118	1127.55882353	468.0	6.86189151315	0.974474839024
T.CS.132	96.12883	922.630136986	479.0	7.25809727519	0.976359236651
T.CS.152	71.33776	1121.63793103	453.0	6.84242072759	0.972753317457
T.CS.153	94.78263	798.096385542	464.0	7.22965710182	0.981313891564
T.CS.154	64.43041	1393.91836735	454.0	6.96357117764	0.980546980489
T.CS.155	74.79202	1150.33333333	462.0	6.82855394661	0.973621263949
T.CS.156	69.50112	1160.0	445.0	6.79265970547	0.973552455346
T.CS.157	60.1959	897.659574468	371.0	6.57682651712	0.974680829335
T.CS.158	79.81069	1075.36842105	497.0	7.07137945874	0.977147922601
T.CS.159	95.15364	926.833333333	422.0	7.15131294291	0.983327631945
T.CS.160	103.14494	1108.52173913	497.0	7.50177328134	0.988042327743
T.CS.161	92.08494	1140.5	466.0	7.32759871853	0.986926147683
T.CS.162	69.15076	1061.44827586	426.0	6.6899272169	0.974010163205
T.CS.163	69.85013	1014.40677966	426.0	6.91321753004	0.978852024269
T.CS.164	72.34926	879.0	369.0	6.81417520975	0.981053899564
T.CS.165	63.34008	635.75	340.0	6.43800660094	0.960062920677
T.CS.166	78.041	1034.08333333	472.0	7.11500391965	0.980617531082
T.CS.167	67.45713	1092.47761194	454.0	6.64247245951	0.969674350221
T.CS.168	57.30761	904.522727273	362.0	6.40857775937	0.968810323207
T.CS.169	79.32211	1162.72131148	471.0	7.10579612161	0.979664227082
T.CS.170	71.47422	1020.625	424.0	6.75485799741	0.974935159868
T.CS.171	59.20748	993.786885246	416.0	6.44378540868	0.964905652736
T.CS.177	88.74864	894.338709677	424.0	6.955839021	0.977892187807
T.CS.178	86.36602	914.050847458	432.0	7.21062976028	0.984780451563
T.CS.179	82.71044	1259.84210526	473.0	7.14635994809	0.982078189654
T.CS.180	72.78055	767.058823529	369.0	6.82958906007	0.981354828328
