0.5473190063182403
0.7146736372388236
0.6015862588405511
0.5433655637993274
0.4214240086601175
0.6449707285890705
0.43543838322787365
0.8922960911749911
0.9646087693959953
0.3809741584265766
0.7916595587726876
0.5272832435941207
0.5666631973987964
0.9263187089320765
0.06673085538609441
0.08291877142498846
0.015614240659991039
0.8327949452965453
0.7780114510966959
0.8704072222547313
0.9796523329522355
0.7991368154150956
0.45947108876645426
0.780397833116054
0.11424712049028078
0.6389624978952272
0.13947351784908704
0.9455031875293409
0.5201951913329402
0.4123782454403132
0.2613888607242555
0.7740653106988103
0.45411070871013487
0.5670548758932903
0.014177239397787846
0.6165458706802254
0.6109735065242662
0.6158402436407989
0.9445769318159767
0.6811082639034949
0.3568997416795079
0.43487985925402695
0.697012174263933
0.055856671483228204
0.6659661218880489
0.6698600495783584
0.20689711638188724
0.12496165591115234
0.31256087752973294
0.36112733701122746
0.5688280679021238
0.4364586524410034
0.9894652191455297
0.0979220285651313
0.20538245293974808
0.15753538259235297
0.6522273813007738
0.2500585863941518
0.4643309219566225
0.24114041822029983
0.1551816828112008
0.10630136527764648
0.6554675955955293
0.13427276534561233
0.19301573213397744
0.3661712358185334
0.8210999316645553
0.0929494114097762
0.8381513339235944
0.0919406437637418
0.9774807553270888
0.4666851191990808
0.9777841529156108
0.6036806515058383
0.7388894758613255
0.03469523006090615
0.27974758161753044
0.11618056351733119
0.293159254323704
0.11470308024235168
0.3151307357371912
0.4119769530179167
0.059801768985652
0.6918227475019006
0.5652116008933699
0.26222764516439384
0.5216031574969108
0.08977005198815331
0.5746116179572437
0.9300400322620888
0.315719954824473
0.6666135730042497
0.1278501137184393
0.7158181687427047
0.2863855338503255
0.1795459548779075
0.5852402182571544
0.015502737283045801
0.8290934810648442
0.0
0.6770809479612845
0.26687329737294174
0.7347959778870575
0.9631258813869263
0.2454934281852109
0.5748236971576629
0.5908017411164197
0.5708952933805356
0.21967089500493397
0.9536308161860616
0.44503266243331224
0.8466648901710295
0.698871125675034
0.2944636362950311
0.8138621918174503
0.3941152356386943
0.881563518378075
0.5799693294498454
0.8821994020682129
0.691882568068413
0.7247977613181994
0.49955051172798975
0.9569850565652718
0.643055614264094
0.42162543592060703
0.605237450781995
0.014583010410206893
0.2986258446636622
0.6593341570903954
0.2870609985483374
0.6169280376953696
0.4265679947131598
0.1315479421738964
0.2953139846323493
0.5685948441836758
0.5896256930111331
0.5729808336582056
0.6523204198254949
0.651216413220958
0.42923331725931885
0.8970977687091802
0.36500109165285644
0.43370596523681
0.8924473299238119
0.8062136287724176
0.703306373308961
0.09609341051226697
0.9201687163392179
0.7137199930564824
1.0
0.145604391325333
0.8685100357384137
0.1587257612773124
0.614457725434149
0.11982530129176755
0.8482738570158551
0.8073452165078407
0.567725588280257
0.40485560675192284
0.06485079718003475
0.6968085606532143
0.45148771869422116
0.7215802635308298
0.8667560461439634
0.9765372774146668
0.8561148277654889
0.007059897589057814
0.3573726714997741
0.7295619068832415
0.16791625418096087
0.5193787005655458
0.049934552862343995
0.19644998044726794
0.013907656776273416
0.7936438289915457
0.22051891001472182
0.3426602425243449
0.9288179810219074
0.7038352850161812
0.027303134893846007
0.1609399326126489
0.620411382432177
0.5759012533989395
0.23456921611730877
0.9349867634175725
0.6128547421169616
0.5340607649942134
0.5886572441739233
0.7296941473804844
0.3090570299389467
0.3958406480297608
0.20635513451870463
0.1825652570481572
0.9452049160318977
0.7391783811662117
0.4886210176044601
0.22402938080947635
0.25112973017663814
0.053647439551990264
0.43224914536252057
0.3089070392373853
0.6957168917315816
0.3752510072172747
0.175937164529692
0.020100811182415926
0.06292215357460204
0.6786664574678103
0.4516427874873239
0.5350127406788524
0.897223199476492
0.991441888976472
0.21344986324752221
0.6622559104837833
0.26014837038672045
0.016049387629225805
0.7581170019011673
0.31717667276625144
0.3809966654040711
0.5870550107595021
0.8312143106913213
0.6279589663387798
0.873061251464524
0.2704281494407515
0.7980185449400301
0.18200491834991708
0.9536737125189207
0.6868095851922045
0.2120523828408975
0.9482207545770123
0.7304322413540573
0.2507124505540735
0.2098437660667046
0.5165261250910652
0.021090589534242143
0.20396749695894886
0.42246074137249623
0.37164807662891364
0.46157948175065805
0.27453886229913566
0.5855132265861596
0.8642144617594943
0.1135001821371106
0.5156996849041865
0.12812194747064315
0.7163537783130356
0.39366657361277296
0.5640245159148652
0.1796349495676087
0.1409767815756606
0.4862043558630599
0.35298166419854293
0.941241290155234
0.7651044678543718
0.7483448155807112
0.9043131113161192
0.07919010014474337
0.5507178503493972
0.5831913697747251
0.9628722313521937
0.28914309520952075
0.23752244653664917
0.09616085994140117
0.011803183961802275
0.9302745228893762
0.6691344830975854
0.7850487697141567
0.27866438978051344
0.585136845058385
0.05960840789136222
0.48376138349906356
0.9785225228035822
0.8769385174058041
0.3354251997363088
0.9625038528962533
0.2283415991855451
0.9501804477095288
0.9421926133939845
0.7991810975333876
0.6294336844585506
0.8747081947397949
0.2900209872496994
0.8492146854128406
0.616788484441083
0.00859162945021852
0.3445531503737212
0.14428925608701057
0.9828822707307117
0.4764614008778076
0.4955943578541889
0.6385113544677951
0.36602984436355723
0.1329825398379067
0.8222310503239875
0.18624166442746487
0.5096039093382922
0.2209135590218113
0.09369699231496492
0.8625405836325658
0.9739199540990016
0.9617640295835832