-8.857082873619395613e+00 1.903766548364475852e+01 -4.388853383451781554e+00
5.056922895878759761e+00 1.625499398667141548e+01 -1.027600210311226014e+01
-5.887992472065379346e+00 6.996048192601480586e+00 -8.564591570207472415e+00
-8.979766158007233656e+00 1.703129189747932148e+00 -4.042623766583205658e+00
-6.547309819097035799e+00 8.552064599689954250e+00 5.737069103498366296e+00
-2.100868007320352504e+00 4.876916985589797804e+00 -1.059348768972902022e+01
-7.351356592459548978e+00 2.782240329917642363e+00 4.903284089574597715e+00
1.117733599651139009e+01 1.121970817523330499e+00 6.864897931091467065e+00
4.632466931009977529e+00 1.523748164842215402e+01 1.299361006071009861e+01
-3.787596284614999309e+00 2.399766311256515960e-01 7.414876231229408532e+00
1.125007554461254600e+01 1.618219571855830097e+01 -4.652684549591008079e+00
-9.339741424979143503e+00 3.085879553407876230e+00 -2.608274920964366306e+00
-8.066111294674408683e+00 1.669963734321870730e+00 -6.021949213841874204e+00
8.668351284993375927e+00 1.881663719010713054e+00 1.026566845024372476e+01
3.339963528188586217e+00 1.411300395443220346e+01 -4.220114059933535167e+00
4.050272058074606107e+00 5.152711406909739722e+00 -3.770360575999195607e+00
9.286311335944968937e-01 8.831328800282067348e+00 -4.814197043197317782e+00
1.255936218782515645e+01 1.170474461780225539e+01 -8.445625132718739825e-02
1.045388616113067393e+01 1.807157465040467059e+01 -5.985871507097813016e+00
1.214820836827617079e+01 1.526792951693789391e+01 4.375195384437072121e+00
2.789307105699220024e+00 5.676886010013006967e+00 1.365364766822723475e+01
1.161463139696833835e+01 2.761138785113679717e+00 -3.875919865922710983e+00
-8.471073138745941478e+00 1.162860728845156899e+00 3.218052433584325023e+00
1.060475081810764841e+01 6.333571324099792399e+00 -5.761324155153440429e+00
5.231471678903138134e+00 5.504481134033243350e+00 -2.566474032037258546e+00
-2.679545443366794455e+00 9.578951902810072028e+00 -1.040398397677251907e+01
5.917682734669856615e+00 1.434890804650128970e+01 -1.321590357284473605e+00
6.782880459093785674e+00 1.460813435841600061e+01 1.180590433650727356e+01
-9.427237358348543594e+00 5.953895778225499313e+00 -1.969125158745527626e+00
-5.979351776957321896e+00 7.978466073902530376e+00 6.209680017566716614e+00
4.350584325722404166e+00 3.804170196474963905e+00 5.744170296331826187e+00
1.019408510175876970e+01 1.655945575843689355e+01 -6.348668124934615520e+00
-8.252836018311969113e+00 1.193809605098046234e+00 3.619103814316017242e+00
-8.046889782053009199e+00 1.463694207622473442e+01 -6.053716623370229755e+00
8.613576323543707947e-01 1.635260331476317219e+01 -4.813009948688424799e+00
-4.696197434072591825e+00 1.632555879882381689e+01 -9.428660778790709074e+00
-5.156170632635172169e+00 5.447873851252453825e+00 -9.125273485539768359e+00
-4.755445078291900884e+00 7.850075896583789792e+00 -9.391507682949598035e+00
6.880695035224041689e+00 1.233959233912417019e+01 1.173910656064993319e+01
1.585378731085481441e+00 5.729259950913807131e+00 -1.102498948488035779e+01
-1.978143462932055341e+00 7.787908783575662852e+00 7.855432579374974189e+00
-7.321257925966453861e+00 4.138139883898432458e+00 4.938761168884738595e+00
3.247488709020918574e+00 9.656973558876154939e+00 -1.081015257580258115e+01
2.838632895735335726e+00 9.368583263363957636e-01 -4.452029923945075573e+00
1.036902722488153815e-02 1.679571357598297965e+01 -1.099651233641879600e+01
4.128435522750427689e-01 1.616085386719287253e+00 -1.102527519804159972e+01
6.134921821466150504e+00 1.089553812546204625e+01 2.681120891707150289e+00
5.556458402944331354e+00 6.443012090449117935e+00 -2.064198663561031211e+00
1.290740051151964440e+00 1.212840192545888485e+01 7.576065466657058600e+00
-2.298859282275860227e+00 2.014810015750192917e+01 7.808933404893895869e+00
-7.958315055080394274e+00 1.355697513357608130e+01 -6.196774922655495565e+00
-7.405896481463073222e+00 7.426111508653092663e-01 4.838013499186534006e+00
1.533985469094216292e+00 9.038451229669286491e+00 1.394346629961258799e+01
4.653893308223925551e+00 1.071035389868325538e+01 -3.246094060705103423e+00
6.159269280837703420e+00 1.125972738877249135e+01 2.588289680249201474e+00
6.224752758022082944e+00 1.430924272268059561e+01 -3.145547159963630879e-01
-1.384957213294463862e+00 5.829518052367087755e+00 -1.077918139416606280e+01
4.862049927551153949e+00 2.706071874792724152e+00 5.173478248430753546e+00
-8.652034738026921801e+00 8.246189207488981765e+00 2.843336264758876908e+00
5.214772279210166950e+00 2.008452017871492501e+01 4.693724568859423130e+00
6.194307328726362805e+00 3.929748726767739342e+00 -4.501453967966386749e-01
4.961870298727193429e+00 1.898366305349297889e+01 -2.910812122396829960e+00
-1.060069681852122692e+00 1.141992495162385346e+01 -1.084647028444566175e+01
5.799299677223670457e+00 9.595139854561082871e+00 -1.595346884349172045e+00
6.305910141755970422e+00 1.852286961482768035e+01 1.826604200889024421e+00
-2.680675505882840426e+00 9.630683197140303520e+00 7.736266557803697985e+00
1.236596090800886039e+01 1.520752036884240788e+01 -1.444714855330982539e+00
4.460725181818838259e+00 8.379531755765142975e+00 -3.430920498085413772e+00
1.259792532542795485e+01 1.898493225092011372e+01 5.478894546212426109e-01
4.420660753816011201e+00 1.449052542401577526e+01 -3.467095538047644698e+00
3.062043186334895584e+00 1.469206313926085095e+01 1.357422331823756778e+01
-8.733745498665070883e+00 6.882128432699497367e+00 2.658236035058727964e+00
3.024060647713222139e+00 1.589235149747467446e+01 1.358564784564323880e+01
-5.729598004919370879e+00 1.335728216438996796e+01 -8.694865541154706889e+00
7.382334306558565373e+00 5.040425740973900837e+00 -9.050883720627645346e+00
1.834485077083472859e+00 3.371315272190384960e+00 -4.739050086808008544e+00
3.382012909938501011e+00 1.672422096486396725e+01 6.556954559074294586e+00
5.293510037096303300e+00 2.014249866373967279e+01 -2.478969240971333754e+00
2.576699716385560279e+00 9.620915372460899562e+00 7.047148305953234271e+00
5.246231861520750606e+00 1.241066747179738350e+01 -2.545966084231162885e+00
1.111433150155635374e+00 1.801217552806464539e+01 7.628772809826083190e+00
-5.953363544940097007e+00 9.601692520430997746e+00 6.229400023562750022e+00
3.022233081050430314e+00 1.998936401348746017e+01 -4.374496867931616073e+00
2.706524570764160753e+00 1.209077440294232098e+01 -1.090802511402934272e+01
-8.136258703046319596e+00 1.723610953472761409e+01 -5.903701062493857954e+00
4.310001966190073475e+00 1.908571808666750513e+01 5.784486424935143312e+00
-9.413317542160489992e+00 1.712600019413994445e+01 -2.096183269050699405e+00
4.333494254627341391e+00 3.347703732428074730e+00 -3.543404557091076601e+00
-7.651885495261314674e+00 1.320686722029570781e+01 -6.654287411306672340e+00
8.326769472325285193e+00 8.367119431013218644e+00 1.058901997346053925e+01
1.070065387935953405e+00 1.316971992490259868e+00 7.640259916938445528e+00
7.712013755454789898e-02 8.904677289686681263e+00 -1.100231333879787776e+01
5.635897512534421949e+00 5.432365404677561571e+00 -1.921816678662612965e+00
5.171666440708359680e+00 1.782980447699872784e+01 -1.023075306066353640e+01
2.992944488065715003e+00 6.993971574806200353e-01 6.811427400907851926e+00
6.360995099282096277e+00 2.013863715913294428e+01 9.987596621308697520e-01
-7.020668585587414690e+00 7.462745817910522383e+00 -7.454578766866887030e+00
9.234041964013234294e-01 7.490844698453400952e+00 -4.814138557485451386e+00
1.251422952041627745e+01 3.428985563578657025e-01 -5.184594587004986987e-01
2.104309164905810714e-01 3.889878829959862561e+00 -4.751985854874199333e+00
1.164367587465132914e+00 8.426449516875782919e+00 -1.103942416323163833e+01
4.078674678396668973e+00 1.951511976335699217e+01 6.002557754218194930e+00
7.006761410876740648e+00 2.091913534646697936e+00 -9.296675370034439112e+00
4.807701941930361933e+00 1.985133220306067159e+01 1.291497255602667416e+01
5.048226400016154969e+00 1.825925914147927642e+01 4.930952226099481805e+00
-7.640144443122168560e+00 9.537410335058586597e+00 -6.670786326543256095e+00
-6.656561786335849717e+00 6.860718517133461702e+00 -7.849882251494964436e+00
-7.851852504610056016e+00 4.887626714860194177e+00 -6.361942704620277667e+00
5.874069793405524820e+00 1.290375883601436158e+01 3.455133246166968597e+00
5.897837950470455226e+00 6.945664209856180493e-01 1.235645192936352998e+01
-7.840822961724879470e+00 3.277273533833925390e-01 4.266490421461953453e+00
1.259337144194302915e+01 9.004710172462994322e+00 1.559812329336309977e+00
3.440576012839747566e+00 1.429555553469124440e+00 -1.076854325973110704e+01
2.494438245558018519e+00 5.290760753167950803e+00 7.089641476248562668e+00
1.217296952737149240e+01 4.644379222267760454e+00 -2.266935311124837593e+00
-4.738644496383375149e+00 5.317015068179890669e+00 6.995502862463234273e+00
1.171950371674484437e+01 2.752159855520412535e+00 5.664351084575176110e+00
-7.344520892447206961e+00 2.527606808507396607e-01 -7.064668129928865170e+00
1.169089639561534710e+01 2.425170239913709835e+00 5.736699709799802704e+00
2.712773358009008096e+00 1.298808544976770563e+01 -1.090705032538590835e+01
6.057261629726898633e+00 2.045938046917905595e+01 -9.831586892303644021e+00
-9.436524811169455518e+00 2.079724503277877190e+01 -1.177928729432059368e-01
5.519289695948160102e+00 8.590136002834293905e+00 1.256445152517502173e+01
-2.286802896780240069e+00 3.422042946978712585e+00 -1.053655066568098242e+01
-6.559547555867528246e+00 1.341399690469711459e+01 5.725943247279557724e+00
-5.610011427881564039e+00 1.029641227752347987e+01 -8.789809128393546445e+00
8.803341095194158195e-01 2.077760532297305929e+01 -4.813440246984602489e+00
2.227625931536815429e+00 1.371388350187384253e+00 7.218770042493076744e+00
-6.687259062021507772e-01 1.644792320459007584e+01 -1.091390982284637623e+01
2.952285427018174868e+00 6.056368443961372527e+00 6.836043014562508624e+00
-4.663990445834252263e+00 5.069791021608054393e+00 -9.448627217217371310e+00
-6.853849368183084323e+00 1.391259600218619497e+01 5.444946223030417087e+00
5.732248588455516547e+00 5.167326884810253596e+00 -1.735472897919873692e+00
2.440457571606264864e+00 1.398304146874294140e+01 7.116827275814716636e+00
-7.970110288420885425e+00 1.086347886124806372e+01 -6.178030651756602154e+00
-6.735436212183520510e+00 8.905868757152834547e+00 -7.767732134296458923e+00
-7.740983283643157797e+00 1.164844398188979824e+01 -6.526745794971027692e+00
-1.375670392245996076e+00 6.028081918312224730e+00 -1.078124934772174903e+01
-1.485702459781933271e+00 1.483806883173255642e+01 -1.075619576326910121e+01
-7.007611141272509947e+00 8.711994256004844672e+00 5.287145007043888789e+00
1.089451677112819894e+01 7.571456770203737641e+00 7.385897050238787287e+00
-2.592220954252084653e+00 1.740179520567049209e+01 7.754793239709748320e+00
-7.257444740157320773e+00 1.942430515101703392e+01 5.012736304228213591e+00
1.116880328117830068e+01 9.661535286332354477e-01 6.881473266303914649e+00
1.191007157218499124e+01 4.885166849425075952e+00 -3.114607509952942888e+00
3.899263710963981389e+00 7.318906759343827950e+00 -1.065533389325687175e+01
4.583713104055793686e+00 1.711429606677519288e+01 -3.315310139701002967e+00
9.205528252294506331e+00 2.069531998050925026e+01 9.707594278655227171e+00
4.961029367401247114e+00 2.034840579807738692e+01 -1.031272444101629304e+01
1.535033457582902772e-01 1.900391525654846347e+01 1.412546618791088626e+01
6.040487126535965423e+00 6.227681566344627662e+00 -9.889420470004914865e-01
1.220722959424733034e+01 2.083223611170395628e+01 4.152844034971266751e+00
6.239018691775823022e+00 5.237820862185475157e+00 -2.455478051277966145e-01
-4.870696707665703507e+00 2.224029252526876554e+00 -9.317640899300256407e+00
5.406466995002999099e+00 1.997000483216327638e+01 -2.310204620233792916e+00
1.258335792103819806e+01 4.901825364830022735e+00 1.751557273866291897e+00
1.195270993510057522e+01 1.448513356663275964e+01 -2.990730787824477321e+00
-8.013685562306154253e+00 1.225483538592361921e+00 -6.107975681732142448e+00
-5.481988388490754538e+00 1.534489108167699989e+01 6.561274487956901602e+00
3.254422698952977644e+00 1.851612445901063353e+01 -4.264288092791366225e+00
3.226313911543514656e+00 5.721174804785212231e+00 -1.081450025694818073e+01
-8.139149648112155688e+00 7.960194817625999342e+00 3.810396169385921183e+00
5.743130408925944508e+00 7.860219849739237929e+00 -9.983567729878258135e+00
1.225818358510997541e+01 1.572455340834279625e+01 3.946638648887269341e+00
3.179897595706299374e+00 4.993952093319816044e+00 1.353801877089503769e+01
1.249267389918545845e+01 3.608915080000503206e+00 2.685907715987545519e+00
5.313679509336194373e-01 9.435124622442499387e+00 -4.793429579964274545e+00
-2.014033950567798215e+00 6.393836554923709947e+00 7.850882159524278592e+00
6.515035737490170398e+00 1.762297156743170135e+01 -9.588418409695488975e+00
6.323037099380976578e+00 4.992578346328413907e+00 2.959776762993193699e-01
-9.434525251932443624e+00 1.055017860727449097e+01 -1.895440763429788067e+00
2.560164682579309847e+00 1.979425559365653697e+01 -4.554238376922794984e+00
6.274483164571264204e+00 1.331395165263787561e+01 2.038475968432411189e+00
8.487590368121862294e-01 1.821307751471175962e+01 -4.812682783786095264e+00
1.135193840573127133e+01 1.974440347645011329e+01 -4.449516600465301508e+00
5.853247990590954686e+00 1.576606209961339111e+01 3.505779456859237975e+00
-9.005241263105827620e-01 1.469107626471977923e+01 7.916195990877770150e+00
8.440287030680156732e+00 2.032727689868876908e+01 1.048406567406252066e+01
3.953746591675833422e+00 2.088241658260126599e+01 -1.064052486190941949e+01
1.481642724797199717e+00 9.488255336064952417e+00 -4.788478714598827679e+00
6.263512328498595849e+00 1.488265341868375558e+00 -1.164550564777407232e-01
-4.366663075704483532e+00 6.148674660250895485e+00 -9.625512606206211075e+00
-7.579943613521966661e+00 3.199448819442339609e+00 -6.754299303164239099e+00
5.445490396196121630e+00 8.767213870716247470e+00 4.325664201448158330e+00
7.854141646607637917e+00 2.757075897938376485e+00 1.100117093719548222e+01
-5.002930451278595037e+00 1.268647388443852186e+01 -9.230233245026438382e+00
-9.215349296702529003e+00 8.038969242314935926e+00 -3.216648820519136365e+00
-6.799636080534503080e+00 1.880310357005241073e+01 -7.699494169514189856e+00
6.527608872074559088e+00 2.032368810776853962e+01 -9.581362599467448504e+00
1.532147838888903602e+00 1.148458293505786543e+01 7.497450809238222824e+00
-4.860395139094380923e+00 5.771294967219528615e+00 6.931221118992449526e+00
6.143794393686449418e+00 1.243683879399857339e+01 2.647922266323552876e+00
6.358011025691097551e+00 1.883198432271260714e+01 1.183464356557598851e+00
6.814448915184615707e+00 8.541400262550713052e+00 1.178448279591475689e+01
7.408524087617665899e+00 1.159364381053138793e+01 -9.032960043393089222e+00
-9.297137766765162681e+00 5.704708119729063220e+00 8.382929625142236940e-01
5.762437667344246783e+00 9.564327138450567034e+00 3.714192700243827527e+00
4.816683029318076237e+00 8.435984242971571234e+00 5.229395649022031911e+00
2.735110513475205618e+00 5.216682766742390953e+00 -4.492150572846179024e+00
-7.177223065287655857e+00 1.062319406033147473e+01 5.103419618191986196e+00
1.542399637727895234e+00 6.517997345576040047e+00 7.493913676412789826e+00
3.112706514356380794e+00 7.833732141495696411e+00 -1.083710344704142514e+01
-3.362928519624811319e+00 1.102437928733954919e+01 7.558233285547284908e+00
6.357561751174941378e+00 1.576249548150873814e+01 7.790320200623170876e-01
1.139818237000460588e+00 7.003656781616781402e+00 -4.811823634393828542e+00
3.166134868949348480e+00 1.940733409903603501e+01 -4.307837502025785525e+00
1.330008770122008466e+00 1.810868948355394892e+01 -1.103565815000070494e+01
-8.145994110216776107e+00 1.022496215486099480e+00 3.799180568269982405e+00
-9.194686440330052335e+00 5.326493009393278300e+00 -3.301732311884154392e+00
1.088680101532801459e+01 9.368845765843239803e+00 7.399356281794763568e+00
1.277178167672022857e+00 2.197185663591955773e+00 1.398792783196236300e+01
6.013497507943395881e+00 7.317995769703438569e+00 3.080490601691196151e+00
-3.706610203724186592e-01 1.554204803797133216e+01 -1.095548525231382975e+01
4.409928526044204489e+00 1.429080410399934387e+01 5.684033518506830696e+00
9.490402441486700535e-01 1.307007299988610249e+01 -4.814371042355079844e+00
9.021657826925283175e+00 1.492109645716925748e+01 -7.698561729061879966e+00
9.673959209323945707e-01 4.303397426153736660e+00 7.667694673379857662e+00
-3.789255839138475412e+00 7.175660412159374779e+00 7.414265107830988910e+00
-6.904348034101404963e+00 1.420109212782672081e+01 -7.585449611047165419e+00
1.254192752862523186e+01 1.846393002365786984e+01 -2.701255029085272152e-01
-3.700208533442455483e+00 1.141723913038999960e+01 -9.976303775259234285e+00
1.205884364268503717e+01 5.936692669856268978e+00 4.684910554205396593e+00
3.894309562515042789e+00 6.349404181256343982e-01 6.163212478857845511e+00
1.156347973221102166e+01 1.491707340845847973e+01 -3.993980098950372870e+00
6.358970272958864633e+00 1.655661736772479076e-01 1.149133844689687045e+00
5.893044105596803917e+00 7.826260466240905878e+00 1.235918420681007035e+01
2.182201604679911533e+00 1.114128150581841759e+01 -1.097700696473182091e+01
6.041585531418864896e+00 1.936434069711105366e+01 2.995671847018391176e+00
6.492222789152224394e+00 1.879385445690902268e+00 1.199716297782288343e+01
6.597647159845731579e+00 8.524788761333958576e+00 -9.541679225222011951e+00
4.834431846099850993e+00 5.105771939133132431e-01 5.207658224089022347e+00
6.083553658683815257e+00 7.194830671173396475e+00 2.861207592520265575e+00
-9.455474863223896520e+00 1.306685223563569309e+01 -1.638068720359774799e+00
1.186614103965774936e+00 5.860426912800566157e+00 -4.810050272853819031e+00
6.180752290269514226e+00 4.404748942768336839e+00 2.501433492538369663e+00
-6.610096684922615040e+00 2.429767899868966463e+00 5.679530474999508805e+00
-3.093234051730302969e+00 1.211994512442717742e+01 7.636143245277815517e+00
-8.551590722967276292e+00 1.460067012399840713e+01 3.056739346710995342e+00
3.673402757419250708e+00 1.411109995251226934e+01 6.341926295233681010e+00
-7.003325863991697098e+00 1.992608143513065500e+01 -7.474379828877169452e+00
1.232584821082850368e+01 5.676749176355666560e-02 3.646877289390367149e+00
5.207120634238129320e+00 1.359112973177475681e+01 -2.599897305459015762e+00
-9.460235758518397375e+00 1.260823697905043161e+01 -1.563539566415558690e+00
5.643186846290753955e+00 1.236353180937605245e+01 -1.908271782212448642e+00
5.225230383759062569e+00 2.021817671664508964e+01 -1.020913778807824634e+01
-4.706851987731164755e+00 3.543051407708336376e-01 7.011871001133750170e+00
-8.192343995333313700e+00 1.462613104473045311e+01 -5.806409943544837304e+00
6.360983721807198066e+00 1.708725164373913330e+01 1.004193456079636171e+00
5.949498120240814814e+00 1.070595112905326651e+01 -1.240987127445440708e+00
-9.253274385516876421e+00 7.013262261532991815e+00 1.046034383979759896e+00
-1.680842274938731506e+00 1.660764342777550340e+01 7.886838487771632877e+00
7.227527897125306744e+00 2.042101438280917503e+00 1.149190421739500678e+01
9.558471607545717674e+00 9.282748392328430853e+00 -7.130989680789668661e+00
8.216032169936701379e+00 1.091899986598760286e+01 -8.425646632898715183e+00
1.042395166832953635e+01 1.457308462962549811e+01 8.146621002691734503e+00
3.891380119013698735e+00 1.908600372680598678e+00 -3.884849891541881206e+00
-8.740918360384528185e+00 4.782949532295080353e+00 -4.683684062029808359e+00
-7.149044446294104738e+00 8.616332816492638713e+00 -7.304717912504121280e+00
4.837547819871016230e+00 1.308918813342274312e+01 1.290128472402055415e+01
2.825754775337677493e+00 1.862617640556576859e+01 6.910390501077627867e+00
5.344908936353172102e+00 1.299534953306890550e+01 4.492473907265928545e+00
4.586319699884621848e+00 2.802690889633622895e+00 -3.312782721314623924e+00
7.506617111538242959e-01 2.059218278853293072e+01 -4.808999850466329384e+00
8.304838595132103762e+00 1.830750042986534964e+01 1.060901917620256540e+01
3.376731622243683284e-01 1.055713598405180420e+01 -1.102103191729654341e+01
1.088483037403463527e+01 1.936930761772929444e+01 -5.312985498827648811e+00
3.443641293563633798e+00 1.136899666889985028e+01 6.513320645453180902e+00
-7.027220845829711848e+00 1.938942742567242661e+01 -7.447070798731039609e+00
3.013275622883540894e+00 1.742784474067020639e+01 -4.378472697945170466e+00
-9.204228814631633782e+00 2.033401461618024442e+01 1.254456494418542789e+00
2.931456219641523475e+00 1.931543902634132692e+01 1.361300707182833136e+01
1.191409070395815029e+01 7.567101659999591057e-01 5.134181696816815688e+00
-3.591467137485768180e-01 3.670212087379739252e+00 7.891293543795351972e+00
4.880825748107070261e+00 8.171828219124900983e+00 1.288128307638418235e+01
5.640756187781952313e+00 1.999499664320383729e+01 3.967167081502259496e+00
6.279293899342991203e+00 6.300607308994520928e+00 1.213064835613899106e+01
7.129486219752650733e+00 3.369820521639621980e+00 1.156345729595334504e+01
1.161663217494507805e+01 1.861239798781775789e+01 -3.871231701382596757e+00
-3.566636700854246111e+00 9.374282725147260464e+00 -1.003949817094471264e+01
1.199941251633550898e+01 1.906538748144084749e+01 4.876238444024094676e+00
2.771868652929754706e+00 3.364839792723008483e+00 6.941038797284035944e+00
1.257614881837188214e+01 1.388346774167009023e+01 1.863705349431250990e+00
-4.675760862863385547e+00 9.245538809419327819e+00 -9.441348921559804097e+00
6.018910328327548021e-01 1.606222149635993190e+00 -4.799550364878686359e+00
-1.043092850647427072e+00 1.462572603770251156e+01 7.916564107640224002e+00
6.015707723024063647e+00 5.195373866322227308e+00 -1.061157590696176323e+00
2.380044436135677177e+00 8.319259741698722399e-01 1.376161740861630811e+01
-9.029989094807969963e+00 1.258830263241038416e+00 1.866739459408240487e+00
-9.397351275281028649e+00 1.282649278402534065e+00 2.310879711121202329e-01
-2.722428063166276502e+00 1.906239210718582910e+01 -1.038847548175296787e+01
-2.669992142423904813e+00 1.553756227441112081e+01 7.738558754497772085e+00
5.767973925704019678e+00 1.885930950148843621e+01 -1.661989021244306031e+00
1.239111655394890121e+01 1.412422853722694782e+01 -1.314697508184481167e+00
6.347108747553798835e+00 1.110773850964854681e+01 1.409197454796221161e+00
-9.477272439487309796e+00 6.393373651294943727e+00 -1.014877797505529422e+00
5.843409792735167585e+00 2.095720727790214255e+01 3.529310869637602099e+00
4.490229718307960916e+00 7.605970237727176730e+00 -3.403822545967729152e+00
1.236641921922637266e+01 9.883627933492100226e+00 3.448908952735596056e+00
3.504715407425324614e+00 7.943148673392697035e+00 1.343224494073054842e+01
4.967498398561545514e+00 2.057006551604462885e+01 1.284067553322684141e+01
